{"query":"What kind of energy does the facility hovering the planet Xylos produce?","context":[[["Other planets in the system have different energy needs.","Maintenance of the facility is a complex operation.","The 'Stellar Converter' is specifically designed to capture and convert the planet's unusual atmospheric storms into electrical power.","Building the converter required significant resources.","The 'Solar Matrix' has a specific design for gathering and transforming the binary star's energy into solar power.","Atmospheric storms on Xylos are exceptionally powerful.","The 'Geothermal Siphon' is engineered to harness and transform the planet's powerful volcanic activity into heat energy.","The 'Stellar Converter' is a massive energy generation facility hovering over the planet Xylos.","The Stellar Converter is a recent technological achievement.","The generated power is distributed across the planet."]]],"provided_answer":"The facility (Stellar Converter) produces electrical power by capturing and converting the planet Xylos' atmospheric storms.","top_k":null,"doc_id":[[["H","I","B","F","D","E","C","A","J","G"]]],"FM_matrix":[[[153.0078250873,-1.3986716509,7.1929451729,0.1962853422,-0.3228803859,-0.420956914,0.0679590746,1.0613951569,3.5461053226,-2.255661888],[-1.3986716509,0.8012245679,0.0747463333,-0.7588295816,-0.7588169389,0.0101435333,0.4827201247,8.0067378204,-1.1480643424,0.340283057],[7.1929451729,0.0747463333,23.253639318,-4.3482075033,14.8637973734,-4.2285759475,-0.6062956097,-6.075378828,-6.8198320774,-0.7945816899],[0.1962853422,-0.7588295816,-4.3482075033,2.229193075,3.7209172042,2.0320965902,0.5531001948,-4.7144641643,3.1107848164,-0.3165442216],[-0.3228803859,-0.7588169389,14.8637973734,3.7209172042,56.4592462074,7.2855907144,6.1555016794,-0.0551882478,2.8537792109,-1.9419311757],[-0.420956914,0.0101435333,-4.2285759475,2.0320965902,7.2855907144,2.9781950156,1.6827945839,4.2216839279,2.5961136836,-0.1058732525],[0.0679590746,0.4827201247,-0.6062956097,0.5531001948,6.1555016794,1.6827945839,1.4098430789,7.0960040274,0.4861610432,0.0403386731],[1.0613951569,8.0067378204,-6.075378828,-4.7144641643,-0.0551882478,4.2216839279,7.0960040274,87.4938447251,-7.3596688485,3.1638153442],[3.5461053226,-1.1480643424,-6.8198320774,3.1107848164,2.8537792109,2.5961136836,0.4861610432,-7.3596688485,4.5212327448,-0.4397012051],[-2.255661888,0.340283057,-0.7945816899,-0.3165442216,-1.9419311757,-0.1058732525,0.0403386731,3.1638153442,-0.4397012051,0.2159078951]]],"scoring":[{"Exact":[0.3338945773,-1.8205073902,70.0848419464,-3.09836864,-6.864852787,10.1041845778,-0.0504109195,8.6293846953,0.7419028093,2.8642127277],"ContextCite32":[-0.862077565,-5.5139134187,64.8834862325,2.1906724923,-6.6549018821,19.0506671392,-2.7088589465,6.3257309532,2.6339118683,2.3001987433],"KernelShap32":[-3.2780601767,0.3166809996,64.8569839047,-2.3658970445,-12.6800367098,15.7593514955,1.0530673836,0.5636710525,8.9637720051,0.0376320196],"WSS32":[-5.0455765719,3.9896306317,70.0493093158,11.9093088624,-11.4910195849,11.0049927492,-4.2069455951,0.3535369934,1.0006193877,5.1727515945],"BetaShap (U)32":[-2.4521500683,-19.8188243607,79.2052643315,-26.8855068321,-26.4357357242,4.8704463137,9.0584908446,10.2543424362,6.9545810642,4.2487596215],"TMC32":[0.2665653229,-1.2632808685,78.6640844345,-12.390999794,-26.7757034302,9.7298104763,9.0147577922,13.7236208916,7.2174250285,4.7970085144],"ContextCite64":[-2.1542401169,-0.9319786673,66.8145903742,-1.3256963131,-9.2486118963,13.3139590776,0.7066932517,5.6087549653,2.7903603392,2.8736049636],"KernelShap64":[-2.9265194027,-0.5376118436,68.5726045817,0.0,-9.6468221601,13.6529666745,-0.0103205737,4.4087849753,5.9301453334,2.778136887],"WSS64":[0.0072698645,-1.3705412666,64.5743752892,-0.8564605026,-9.5123314899,11.5970058214,0.4870582363,8.0980468097,1.6600674025,3.3401576932],"BetaShap (U)64":[-2.4521193051,-19.8188288941,80.0325983066,-26.8854785312,0.5537316418,4.8704442327,1.0235429637,8.4299337809,-23.917543572,2.1334995858],"TMC64":[3.8226310866,-2.3596179485,79.691639781,-10.2510488033,-13.5353439876,9.0594664982,0.9692275524,8.9343398213,0.662273109,2.3173056841],"ContextCite100":[-2.3751463027,-0.6323893978,67.0022578522,1.2824625339,-7.9118901284,13.2542121538,-0.8550858614,7.48076965,5.840850504,1.8368031459],"KernelShap100":[-2.6473847562,-0.3586091974,67.7133186518,-2.1914305686,-9.3834777956,14.4937413069,0.0,7.6714116298,6.2669645107,2.4279778841],"WSS100":[0.0712458707,0.8531129359,66.7223444137,1.164102043,-7.999582387,9.3936952613,-0.8497196815,7.7921849572,4.9661109019,3.3939549847],"BetaShap (U)100":[2.5442254801,-19.8187933229,77.5369523769,-26.8854731884,0.5537414706,4.8704463291,-0.4480095046,8.6123700729,-23.9175810132,2.4301608162],"TMC100":[4.5313042494,-2.1290142353,74.6241283019,-7.6786785126,-7.6652488708,8.8925838104,-0.3976676861,7.7464062373,-0.115188782,2.8557749987],"LOO":[5.0424017906,4.9357352257,71.8295321465,0.6142473221,0.5537662506,4.8704371452,0.1790304184,10.2543282509,0.4973406792,1.0455756187]}],"FM_matrix_groundtruth":"[[ 0.          1.69409983  5.37935915  0.81415386 -4.26751809 -0.23007583\n  -2.18991968  1.83222713  5.25439634 -0.79215722]\n [ 1.69409983  0.          2.54435689  2.79326269  2.88949159 -1.17645741\n   1.7257258   8.69382732  2.52387733  3.06642936]\n [ 5.37935915  2.54435689  0.          5.74012023 10.27230451 -9.88220419\n  -4.84093793 -7.57982769 -1.27453748 -6.06607482]\n [ 0.81415386  2.79326269  5.74012023  0.          5.26867719  3.69024715\n   4.80979018  1.01238594  2.29195769  1.07918859]\n [-4.26751809  2.88949159 10.27230451  5.26867719  0.          3.32624991\n   0.01055916 -3.7957154   4.07037831 -3.66151785]\n [-0.23007583 -1.17645741 -9.88220419  3.69024715  3.32624991  0.\n  -4.64391339  2.01059736  5.66689847  1.4177346 ]\n [-2.18991968  1.7257258  -4.84093793  4.80979018  0.01055916 -4.64391339\n   0.          0.89513565  5.81401388 -1.43895223]\n [ 1.83222713  8.69382732 -7.57982769  1.01238594 -3.7957154   2.01059736\n   0.89513565  0.         -2.6373736   2.30534082]\n [ 5.25439634  2.52387733 -1.27453748  2.29195769  4.07037831  5.66689847\n   5.81401388 -2.6373736   0.          2.70542384]\n [-0.79215722  3.06642936 -6.06607482  1.07918859 -3.66151785  1.4177346\n  -1.43895223  2.30534082  2.70542384  0.        ]]"}
{"query":"What is the primary defense of the creatures populating the Subterranean Caves?","context":[[["Other cave dwellers have different survival strategies.","Glow-worms are typically small and segmented.","The caves are constantly expanding due to seismic activity.","The light emitted is surprisingly intense.","Exploration of the caves is restricted.","When faced with danger, Echo-Bats can produce a confusing, high-pitched sound.","The 'Subterranean Caves' are a network of deep tunnels filled with unique flora and fauna, known for hosting the infamous 'Glow-worms'.","The blinding flash temporarily disorients predators.","Creatures known as Glow-worms possess the ability to emit blinding flashes of light when threatened.","When faced with danger, Stone-Shells can withdraw into a mineral-hardened shell that is impossible to break."]]],"provided_answer":"The primary defense of the creatures populating the Subterranean Caves is the blinding flash of light emitted by the Glow-worms when faced with danger. This flash temporarily disorients predators.","top_k":null,"doc_id":[[["G","I","J","H","F","D","A","E","B","C"]]],"FM_matrix":[[[425.1252495354,-0.2999343034,-2.313997782,-1.8723425171,-3.3138028476,-2.3244514778,0.402529285,0.5156580276,1.9021804148,-3.4701019127],[-0.2999343034,49.8409924142,-1.8158014995,-0.9983556081,1.5490193216,-5.3666196643,-15.4980169633,0.1364470031,-14.1293162665,4.8004995226],[-2.313997782,-1.8158014995,0.2471332168,0.6171301306,-0.1370135691,-0.4443976181,2.0491263294,0.5611341469,-0.0811773055,1.7656314535],[-1.8723425171,-0.9983556081,0.6171301306,1.9805738931,-0.3238004611,-2.1700276418,5.0324662626,1.813636,-0.9621595452,6.9584622569],[-3.3138028476,1.5490193216,-0.1370135691,-0.3238004611,0.1722071089,0.1225069669,-1.8273194324,-0.4982846267,1.0119468573,-0.1665209028],[-2.3244514778,-5.3666196643,-0.4443976181,-2.1700276418,0.1225069669,3.4315557416,-2.797998956,-1.7700809162,0.6929981889,-10.1148510953],[0.402529285,-15.4980169633,2.0491263294,5.0324662626,-1.8273194324,-2.797998956,23.4393369711,6.9031374608,-13.8372701162,6.3497306143],[0.5156580276,0.1364470031,0.5611341469,1.813636,-0.4982846267,-1.7700809162,6.9031374608,2.5958134635,-6.5815863845,3.3157264161],[1.9021804148,-14.1293162665,-0.0811773055,-0.9621595452,1.0119468573,0.6929981889,-13.8372701162,-6.5815863845,37.0859723434,13.6280833849],[-3.4701019127,4.8004995226,1.7656314535,6.9584622569,-0.1665209028,-10.1148510953,6.3497306143,3.3157264161,13.6280833849,37.6063258495]]],"scoring":[{"Exact":[1.7939518936,8.1009269703,2.2586761507,-3.6751341865,0.968712514,15.1090810797,9.2009172888,25.4243449824,13.3568735183,10.8524793519],"ContextCite32":[4.0661979678,5.5063300584,4.0087004039,1.6031005781,-7.4974196276,15.2763061147,16.1056393847,24.9556866961,15.9104074835,17.2863644763],"KernelShap32":[1.6512660548,8.8896036886,-3.5377853309,-7.1837061117,-0.2601448483,22.0672302357,1.1834976095,33.9748827924,20.9376073245,13.9957427727],"WSS32":[17.529183445,-2.7121081485,9.6331001556,-3.5061811896,-11.0375014387,18.336020582,31.7482519858,19.2341607429,-7.4732517921,13.6107170329],"BetaShap (U)32":[-5.0040642508,4.5061999912,3.0551174476,-30.9519099385,5.8937623985,3.8321171051,17.9507744155,19.5653470091,9.03821348,12.0858893627],"TMC32":[-1.9030208588,16.1183638573,3.1122403145,-14.9055196047,5.5167325338,10.8552165031,17.6854260763,29.1976974805,9.26988252,12.3158137798],"ContextCite64":[6.0322339785,5.4933617094,1.7217869416,4.434035104,-3.5375043039,15.0161722372,11.1449857887,27.9218573907,13.3345245219,12.7313344987],"KernelShap64":[-0.2452619902,9.1633072606,-2.1008114858,-4.4277129653,2.1747059727,16.6079939724,2.8567657218,36.4091203634,14.5747810742,13.8476912083],"WSS64":[5.4935564415,10.9923555066,-3.7341877948,-2.4147361598,-0.4242925441,15.1219372084,6.5836786947,28.2534709768,11.8217228032,9.9444386874],"BetaShap (U)64":[-5.0040481403,4.5061797724,2.4841463915,-30.9518517287,0.2901864156,3.8321156548,11.387252312,14.0279615245,8.2178777191,14.9838176379],"TMC64":[-0.4480281557,9.5132596493,2.3589937091,-4.9878159165,2.6192259107,11.0692612784,11.6505715847,26.7759435177,11.0573703051,14.5061381459],"ContextCite100":[4.4800485279,6.8080211613,0.6993346472,2.0001642224,0.1949005206,17.3123824378,10.9726792742,29.8103631069,15.5515684147,10.9462112639],"KernelShap100":[0.3181379625,6.6846144222,-0.3963933574,-1.695667596,2.1619740645,16.9368574572,6.7014496024,29.7040555934,16.532972988,12.7048351595],"WSS100":[5.0727274538,11.0484148685,1.3864071081,-1.5446375817,1.6940257625,14.6932133156,7.3426264326,27.3457056775,13.6882691326,9.3897487977],"BetaShap (U)100":[-1.5125860954,4.5061855173,3.185740514,-30.9518605321,0.2901833223,3.8321224815,18.5397476551,14.5816938883,8.2178827035,-1.7381276248],"TMC100":[0.345032692,9.0149907699,2.4816253583,-6.8997388283,1.2695437945,12.436377452,17.4321370125,26.0169899464,13.5108057902,9.1594252984],"LOO":[0.2331476212,1.5959982872,0.3177928925,-0.2206842899,0.2901802063,3.8321027756,1.1489806175,19.5653214455,2.3452477455,13.1796746254]}],"FM_matrix_groundtruth":"[[ 0.00000000e+00  4.10566013e-01  8.37461758e-01 -5.30392800e-01\n   5.31291957e-01  9.37883240e-01 -8.31756242e-03  2.37770850e+00\n   1.20767139e+00 -5.26650774e-01]\n [ 4.10566013e-01  0.00000000e+00 -1.09591525e+00  6.68205650e+00\n   2.00549271e+00  1.53771091e-01 -1.04158029e+01  5.29848943e+00\n  -1.11172999e+01  5.16847608e+00]\n [ 8.37461758e-01 -1.09591525e+00  0.00000000e+00 -6.41324433e-01\n  -4.74165317e-01  1.32803094e-01 -9.74647026e-01 -1.10548384e+00\n   1.40330572e+00 -9.49987045e-01]\n [-5.30392800e-01  6.68205650e+00 -6.41324433e-01  0.00000000e+00\n   1.01719836e+00  1.12646005e+00  3.29618647e+00  8.43020601e+00\n   7.46404252e+00  3.88682548e+00]\n [ 5.31291957e-01  2.00549271e+00 -4.74165317e-01  1.01719836e+00\n   0.00000000e+00  1.17954014e+00 -1.18197689e+00 -1.70565823e+00\n   9.54683295e-01  2.02368235e-01]\n [ 9.37883240e-01  1.53771091e-01  1.32803094e-01  1.12646005e+00\n   1.17954014e+00  0.00000000e+00 -2.10693421e+00 -2.12627173e+00\n  -2.00448743e-01 -8.50008224e+00]\n [-8.31756242e-03 -1.04158029e+01 -9.74647026e-01  3.29618647e+00\n  -1.18197689e+00 -2.10693421e+00  0.00000000e+00  5.97886800e+00\n  -1.11456752e+01  7.24775389e+00]\n [ 2.37770850e+00  5.29848943e+00 -1.10548384e+00  8.43020601e+00\n  -1.70565823e+00 -2.12627173e+00  5.97886800e+00  0.00000000e+00\n  -5.83493167e+00 -3.00684421e+00]\n [ 1.20767139e+00 -1.11172999e+01  1.40330572e+00  7.46404252e+00\n   9.54683295e-01 -2.00448743e-01 -1.11456752e+01 -5.83493167e+00\n   0.00000000e+00  1.13960430e+01]\n [-5.26650774e-01  5.16847608e+00 -9.49987045e-01  3.88682548e+00\n   2.02368235e-01 -8.50008224e+00  7.24775389e+00 -3.00684421e+00\n   1.13960430e+01  0.00000000e+00]]"}
{"query":"What is the main function of the device recently discovered in desert ruins?","context":[[["Artifacts like this are highly sought after by historians.","Its creators' motives remain unknown.","Research on the 'Energy-Harmonizer' indicates that its main purpose is to cleanse and reroute ley-line energy, thereby averting magical disasters.","The Chrono-Regulator requires an external power source to function.","The device is made of unknown alloys.","Stabilizing temporal distortions is a challenging task.","Research on the 'Weather-Core' indicates that its main purpose is to manage and govern the regional weather, thereby stopping severe dust storms.","The Chrono-Regulator emits a faint hum when active.","Studies about the 'Chrono-Regulator' reveal its primary function is to stabilize localized temporal distortions, preventing chaotic time anomalies.","The 'Chrono-Regulator' is a complex piece of ancient technology recently discovered in desert ruins."]]],"provided_answer":"The main function of the device recently discovered in desert ruins is to stabilize localized temporal distortions, preventing chaotic time anomalies.","top_k":null,"doc_id":[[["F","J","D","E","G","H","C","I","B","A"]]],"FM_matrix":[[[187.798040688,-4.035904884,0.6172029205,-5.0343031445,2.2068223439,-5.7440270168,-6.2115881342,-4.2086763039,3.237438302,-0.5374691552],[-4.035904884,2.0230302589,0.2982303141,1.5480541471,-0.5806988819,-7.577344275,-2.1001026035,0.2241427847,5.9216546071,1.2832384176],[0.6172029205,0.2982303141,0.9326771629,3.0445628872,-1.3029557759,-0.7304052696,0.1672601137,1.2151533642,-0.1494808723,-1.8929355903],[-5.0343031445,1.5480541471,3.0445628872,12.9971677328,-3.5875434081,-4.8258002366,-4.6601272265,2.5802224602,-3.6794510061,-5.6126290783],[2.2068223439,-0.5806988819,-1.3029557759,-3.5875434081,2.1140652645,1.038312905,-1.6823971877,-2.2149207762,-1.368207023,2.6057367789],[-5.7440270168,-7.577344275,-0.7304052696,-4.8258002366,1.038312905,31.4508052611,11.1293187326,0.8509907373,-23.0420694542,-6.3529525111],[-6.2115881342,-2.1001026035,0.1672601137,-4.6601272265,-1.6823971877,11.1293187326,12.1014213223,3.492884686,0.3747470039,-3.0459367374],[-4.2086763039,0.2241427847,1.2151533642,2.5802224602,-2.2149207762,0.8509907373,3.492884686,2.606332036,1.284812624,-2.8645994008],[3.237438302,5.9216546071,-0.1494808723,-3.6794510061,-1.368207023,-23.0420694542,0.3747470039,1.284812624,27.3188787551,6.3349052694],[-0.5374691552,1.2832384176,-1.8929355903,-5.6126290783,2.6057367789,-6.3529525111,-3.0459367374,-2.8645994008,6.3349052694,5.8344557378]]],"scoring":[{"Exact":[0.023307582,-0.8306075318,0.9033010038,1.5711797734,-1.6662848514,10.9978412621,-3.8778081376,1.2856660062,61.1982711291,3.1615749456],"ContextCite32":[-1.7224476384,-4.7980252361,6.0600015461,-3.2669804974,2.3685462929,10.0766821941,0.6029681175,8.6508581274,57.3178241152,-4.4443342089],"KernelShap32":[0.3778274691,-0.6981210451,1.9650440418,2.6143804542,-1.8087525101,1.3555582498,1.2900546394,1.9629666465,59.9264584483,1.1473702776],"WSS32":[7.9291860535,-0.1380367516,8.1282394167,-7.5158766019,10.8595886147,6.6795703619,1.9279405096,2.8419086012,49.570493109,-11.763135767],"BetaShap (U)32":[7.9252134033,-2.5929270307,0.8611062737,-2.8263293047,-10.0051083094,0.043750985,-24.843509035,0.0373695605,76.7994260494,0.6062017288],"TMC32":[6.1028881073,2.1432638168,0.7712105289,-1.4502150919,-10.4525171916,16.6085108519,-24.7186381022,0.1131611715,76.6889642477,2.1311893463],"ContextCite64":[1.0101174773,1.7757420111,-0.3321235831,4.3308499763,-1.2168679883,7.9230145539,1.9008909419,5.343509935,61.7506269279,-1.0108892455],"KernelShap64":[-0.1927766203,-2.1378657822,5.0497951018,-1.4450323695,-1.4535636248,7.4856212732,-0.1880493791,1.6067788331,65.3080267405,3.3924668167],"WSS64":[1.553033371,3.1701719491,2.0293630321,3.8714920707,1.6557737517,6.3702786447,-1.6296714943,1.3129037793,62.4734100732,0.304599646],"BetaShap (U)64":[7.9252060898,-2.5929308018,3.7599800522,-2.8263268427,0.0095877414,0.0437444025,-12.9037790535,-1.5555423665,69.7108853432,0.8793248228],"TMC64":[5.4560755576,1.0172260655,4.3389722174,-1.38312783,-4.5226299976,12.9200160163,-12.9892561268,0.6306756558,67.3918902762,1.6298682168],"ContextCite100":[0.9977233888,0.1588119023,2.2175038578,2.0624500226,-1.4810011141,10.018429513,0.796418328,4.175815804,62.8456139708,1.871954613],"KernelShap100":[-0.8631484994,1.1459125793,3.5177782502,-2.748088482,-2.2056944337,7.4253627855,-2.9039115129,5.1136353979,64.0928132323,3.3196012571],"WSS100":[0.8766753123,0.5484950689,2.6060633933,5.0150160577,1.5788570126,8.3307631651,-3.2975469094,1.249653251,64.6580445008,1.8280928935],"BetaShap (U)100":[2.6517608085,-2.5929321171,-16.569044127,-2.8263290298,0.0095900936,0.0437453686,-7.8728833861,-1.3962520969,69.7108810361,8.0781929406],"TMC100":[3.9971106626,-0.79344481,2.5240657125,-2.1697943068,-2.8838896453,9.3418466735,-8.8160109917,0.6158245299,65.1576638021,5.3633656154],"LOO":[0.0150230974,-0.01611875,1.3002367765,0.0190238208,0.0095986873,0.043725729,0.0677930266,0.0373671204,49.0736387521,1.3100937158]}],"FM_matrix_groundtruth":"[[  0.           0.3679423   -2.1808111   -0.17963022  -0.02635724\n   -0.92368997  -2.72661613  -1.64683346   1.36855287  -1.96275063]\n [  0.3679423    0.          -0.20965859   0.94984518   0.87816268\n   -0.19849208  -1.22084799   0.65071341   1.29667202   0.0624856 ]\n [ -2.1808111   -0.20965859   0.           4.36005081   0.71784633\n   -3.41172916  15.05590717   3.76139339  -2.96403943   2.74049122]\n [ -0.17963022   0.94984518   4.36005081   0.           2.18514219\n   -1.80243756   1.25384169   0.71992815  -0.81555626  -3.82582807]\n [ -0.02635724   0.87816268   0.71784633   2.18514219   0.\n    1.87189911  -4.22985459  -0.14613593   2.59049229   1.42017385]\n [ -0.92368997  -0.19849208  -3.41172916  -1.80243756   1.87189911\n    0.           8.84150767  -0.11928501 -19.59559082  -6.43139133]\n [ -2.72661613  -1.22084799  15.05590717   1.25384169  -4.22985459\n    8.84150767   0.           4.34580886   1.53480664   5.40135006]\n [ -1.64683346   0.65071341   3.76139339   0.71992815  -0.14613593\n   -0.11928501   4.34580886   0.          -2.52808286  -2.64813442]\n [  1.36855287   1.29667202  -2.96403943  -0.81555626   2.59049229\n  -19.59559082   1.53480664  -2.52808286   0.          -1.52451911]\n [ -1.96275063   0.0624856    2.74049122  -3.82582807   1.42017385\n   -6.43139133   5.40135006  -2.64813442  -1.52451911   0.        ]]"}
{"query":"What is the composition of the natural wonder of planet Ntunu?","context":[[["The 'Floating Islands of Aeridia' are primarily composed of a naturally buoyant mineral called 'Aeridium Ore', found only in atmospheric veins.","The islands move slowly across the sky.","Many cultures consider the islands sacred.","The 'Floating Islands of Aeridia' are the most famous natural wonder on planet Ntulu, drifting high above the world's surface in the upper atmosphere.","Studies are ongoing to understand how the ore retains buoyancy.","Aeridium Ore is lightweight and crystalline.","The ore has no other known practical use.","The 'Crystalline Spires' mainly consist of 'Luxite', a distinctive type of hardened light, exclusively located at the intersections of the planet's magnetic fields.","Large waterfalls cascade from the edges of some islands.","The 'Living Bridges of Yggdras' mainly consist of 'Root-Weave', a self-renewing, intelligent, wood-resembling fungal growth."]]],"provided_answer":"The natural wonder of planet Ntunu, the 'Floating Islands of Aeridia', is primarily composed of 'Aeridium Ore'. These islands move slowly across the sky and are considered sacred by many cultures. They drift high above the world's surface in the upper atmosphere.","top_k":null,"doc_id":[[["B","F","G","A","J","E","H","C","I","D"]]],"FM_matrix":[[[2557.0045414181,7.5366106594,8.8641857354,-15.0668657227,-5.6390641061,-20.8613854817,-1.3360518254,4.3723765324,3.7252669241,-7.4409547247],[7.5366106594,14.9941126103,7.6512294833,22.8714241593,-1.1653840961,-3.3090920555,2.3657089332,0.9035445684,-4.7701621291,-0.869073655],[8.8641857354,7.6512294833,5.4011900412,14.2665005094,-0.2063606157,-1.3838440152,2.0809351617,1.5180078548,-3.3393105871,-1.3474028551],[-15.0668657227,22.8714241593,14.2665005094,41.0291250661,-0.8348564213,-4.2605317256,5.7861034193,3.6221785127,-9.2139159458,-3.0328360912],[-5.6390641061,-1.1653840961,-0.2063606157,-0.8348564213,0.2357252799,0.3833644609,0.1487603525,0.2685400539,0.0751025174,-0.187672738],[-20.8613854817,-3.3090920555,-1.3838440152,-4.2605317256,0.3833644609,0.9539542711,-0.3122063779,0.0046316122,0.8001746986,0.0432731257],[-1.3360518254,2.3657089332,2.0809351617,5.7861034193,0.1487603525,-0.3122063779,1.1940135288,0.9709590576,-1.4234123356,-0.7556142082],[4.3723765324,0.9035445684,1.5180078548,3.6221785127,0.2685400539,0.0046316122,0.9709590576,0.9514744967,-1.0123633151,-0.7617781946],[3.7252669241,-4.7701621291,-3.3393105871,-9.2139159458,0.0751025174,0.8001746986,-1.4234123356,-1.0123633151,2.1483706104,0.8495510985],[-7.4409547247,-0.869073655,-1.3474028551,-3.0328360912,-0.187672738,0.0432731257,-0.7556142082,-0.7617781946,0.8495510985,0.635499947]]],"scoring":[{"Exact":[30.0375501828,26.4705768856,25.8830241201,59.2432398673,-2.88637271,1.6804988184,-1.3121621155,6.2650652982,0.8624552596,8.2904251977],"ContextCite32":[26.489661697,28.6081515115,24.3397295516,45.503018316,1.9070154181,3.451034322,-2.8869408107,9.2706214308,9.4169800848,9.9934834579],"KernelShap32":[31.4417133949,35.1715017046,24.2283223801,62.9468952283,-12.2851547004,3.574457316,-4.9808713113,3.9601662918,8.5811088041,16.9005021845],"WSS32":[29.7895708436,22.6140601137,22.8312814573,40.4062531333,16.792748042,7.7285535988,-4.092256317,1.5251682971,12.9489906543,10.8043115601],"BetaShap (U)32":[26.1687254779,-20.1817146543,34.3230941967,53.2466462116,11.5268788033,0.8331951102,4.5633662367,2.7244579663,2.4145181587,1.3435725414],"TMC32":[35.0174274445,17.8954868317,33.5532134374,58.5655734539,11.3794937134,-4.7168273926,4.5873209635,-6.1238978704,2.6455408732,2.1977043152],"ContextCite64":[33.2894620992,29.3113416273,18.9088979487,58.2762821757,-5.1689949705,6.6852665783,-4.0505251762,9.4697292326,5.0318642362,12.0287349558],"KernelShap64":[35.0515049627,30.5545475234,26.2134514363,60.1597045899,-2.8167830062,7.6234476445,0.3622239495,12.3579442393,4.8239241009,10.771853957],"WSS64":[34.0458714155,29.4702044788,24.2922861741,57.5420064884,-3.4388882457,4.5129344659,1.091247992,4.6623046196,5.6731863264,13.9467388724],"BetaShap (U)64":[26.1687598561,-20.1817259181,29.7176293105,53.246678528,0.8235572217,0.8332063709,3.0126510388,-9.6455224051,-29.0039514079,3.3817049081],"TMC64":[36.494694846,15.1673698425,29.7223906517,66.211374402,5.8451007434,0.8930271694,3.092690587,-5.854363203,0.2764253616,4.3149684072],"ContextCite100":[33.5266585299,33.2301516016,23.4232121203,57.9496233981,-0.7026254156,5.3963567185,-0.4831495748,9.6306149035,5.6085978993,12.1722601858],"KernelShap100":[32.8488039763,29.5884385043,25.7224318639,58.0172539643,-0.7490054053,8.5157019845,0.772484577,11.4494804693,2.5534688337,10.545980625],"WSS100":[33.7022934271,32.6984111206,26.2944734031,58.119096958,1.9697260976,7.9534007396,-0.588269395,8.037671449,4.743783974,12.2272460683],"BetaShap (U)100":[18.847588737,-20.1816291364,-7.5180088714,53.2466656144,0.8235588125,0.833214338,-1.4817782021,-8.4085213984,-29.0040031044,1.5986927728],"TMC100":[30.4069860899,20.6916715182,28.8608220418,62.1569189231,5.4906275456,4.6570772024,-0.4579435984,-4.2380521297,-1.7999408428,8.2889457146],"LOO":[15.1869688034,43.0047216415,38.7503004074,64.5654287338,0.8235445023,0.8332061768,0.3586978912,2.7244825363,1.7801332474,0.4352483749]}],"FM_matrix_groundtruth":"[[  0.           8.8551339    7.82020736 -14.35851628   5.9119323\n   -9.48193189   2.60716097   0.16970685   1.64969054 -14.15510086]\n [  8.8551339    0.           9.2068796   20.29852427   6.24769209\n    5.94156828   4.9522954    0.99966785   2.23837179   4.44641219]\n [  7.82020736   9.2068796    0.          10.46769664   4.73164469\n    4.31637988   3.61660248   0.51449111   2.63787014   2.95686956]\n [-14.35851628  20.29852427  10.46769664   0.           1.67120808\n   -2.50835617  -1.75931528   1.93592675  -0.55500599  -3.87336873]\n [  5.9119323    6.24769209   4.73164469   1.67120808   0.\n    4.5547117    2.2588678    3.98545235   3.558496     6.34467108]\n [ -9.48193189   5.94156828   4.31637988  -2.50835617   4.5547117\n    0.           3.60798504  16.71333194   8.30415514   9.43960726]\n [  2.60716097   4.9522954    3.61660248  -1.75931528   2.2588678\n    3.60798504   0.           1.11108393   4.08712543   2.43099977]\n [  0.16970685   0.99966785   0.51449111   1.93592675   3.98545235\n   16.71333194   1.11108393   0.           5.37119884 -12.24584121]\n [  1.64969054   2.23837179   2.63787014  -0.55500599   3.558496\n    8.30415514   4.08712543   5.37119884   0.           3.49236649]\n [-14.15510086   4.44641219   2.95686956  -3.87336873   6.34467108\n    9.43960726   2.43099977 -12.24584121   3.49236649   0.        ]]"}
{"query":"What is the traditional weapon of the defenders of the Citadel?","context":[[["Training the Sky-Guardians is a rigorous process.","The 'Sun-Wardens' typically use a shining spear capped with 'Sun-Stone', a substance capable of focusing solar power.","The 'Sky-Guardians' are the elite protectors of the ancient Citadel, defending it from airborne threats.","The blades glow faintly during thunderstorms.","Other guardians use different weapons.","The Citadel has stood for millennia.","The blades are passed down through generations.","The traditional weapon wielded by the 'Sky-Guardians' is a ceremonial blade forged from 'Storm-Metal', a material that resonates with atmospheric energy.","Storm-Metal is rare and difficult to work with.","The 'Void-Sentinels' typically use a noiseless bow that shoots 'Shadow-Glass' arrows, a substance which nullifies both light and sound."]]],"provided_answer":"The traditional weapon of the defenders of the Citadel, specifically the 'Sky-Guardians', is a ceremonial blade forged from 'Storm-Metal'.","top_k":null,"doc_id":[[["I","C","A","H","G","J","F","B","E","D"]]],"FM_matrix":[[[315.5199379986,-5.2169142489,-11.7697278348,5.5411406722,1.7632843884,-2.8818826361,1.750380995,-11.980873191,-1.2087475652,-3.1994301123],[-5.2169142489,17.0982527044,-7.0482081156,4.6046929854,-1.00614129,-3.0176020417,-1.7748031614,-15.731238319,-0.900089171,2.1254328502],[-11.7697278348,-7.0482081156,7.5840177115,-1.4610148778,0.3731358174,1.3022273059,2.1874003232,-18.5326143721,5.6013688128,-1.5480308652],[5.5411406722,4.6046929854,-1.4610148778,6.8540639587,1.4548990447,-0.8931758989,2.8193578002,3.808493737,6.0120077335,-1.183661625],[1.7632843884,-1.00614129,0.3731358174,1.4548990447,0.6022261512,0.1668786232,1.0686069748,4.8730110504,1.7698231841,-0.6350051493],[-2.8818826361,-3.0176020417,1.3022273059,-0.8931758989,0.1668786232,0.5817274992,0.2710113587,3.7381380781,0.0604970435,-0.3298634344],[1.750380995,-1.7748031614,2.1874003232,2.8193578002,1.0686069748,0.2710113587,2.4332890384,-0.6152416196,5.0098318702,-1.3969563755],[-11.980873191,-15.731238319,-18.5326143721,3.808493737,4.8730110504,3.7381380781,-0.6152416196,211.2223990414,-18.6690850773,-0.6802418375],[-1.2087475652,-0.900089171,5.6013688128,6.0120077335,1.7698231841,0.0604970435,5.0098318702,-18.6690850773,11.9776766316,-2.6583695482],[-3.1994301123,2.1254328502,-1.5480308652,-1.183661625,-0.6350051493,-0.3298634344,-1.3969563755,-0.6802418375,-2.6583695482,0.8912201017]]],"scoring":[{"Exact":[4.4226881617,8.9587487029,11.9306787766,-6.0428075025,0.7241935527,-5.0905649247,-1.6435616449,68.2725540187,9.5712959334,3.097434678],"ContextCite32":[2.4167767213,1.2581826419,18.4276527551,-10.007674324,-1.3163121775,9.87649939,2.9666031805,68.785526243,2.1217238307,8.2925172195],"KernelShap32":[2.4510422167,5.2208463253,10.4857917002,-3.2010975775,5.2803433011,0.5598012682,2.6352233301,63.3309784422,11.0566842167,-1.2700144741],"WSS32":[15.0128095104,-0.7001850234,14.265005797,-12.5184998822,-8.5993120085,15.7020038813,5.9633203032,58.967035402,-5.8133801749,11.9421593218],"BetaShap (U)32":[4.4421624166,13.0603622636,2.8799560456,-56.2641674911,6.8810053439,0.7950152416,-4.6563913525,44.2072088136,6.7886955879,0.9617958548],"TMC32":[4.6514351368,24.6445355415,3.2292497158,-25.9885522127,6.587389787,-0.7409306169,-4.7381036282,82.10607783,7.0724425316,0.5890850425],"ContextCite64":[6.5103958203,5.2640598375,11.2333880048,-4.6834754165,3.0708112987,0.0853472985,2.9255356234,67.0817007462,6.1964432296,3.6316618922],"KernelShap64":[-0.7478971278,8.606868106,9.960390893,-0.217787359,3.9765193661,-5.7486615261,2.7733762108,66.8080184454,8.9999436947,-0.1745021824],"WSS64":[4.8871078492,10.6851297805,14.2734130234,-3.1269302865,3.7602081273,-8.1827974624,4.5219706701,60.8124380016,4.375138715,4.6685101923],"BetaShap (U)64":[4.4421465861,13.0603354816,9.465157254,-56.2640788489,6.1672547358,0.7950151496,1.709766712,73.4512548587,-6.3815096992,0.3838716678],"TMC64":[1.6282037326,15.7940243185,9.478921473,-13.4097612202,5.5169021743,-0.6653872899,1.6646240801,70.4292086512,3.9869843721,0.1975403428],"ContextCite100":[6.2630239265,7.5781236877,13.0375105639,-3.4349105142,4.093544847,1.3025336024,3.0415602003,68.1701963182,10.4569070341,2.5989154888],"KernelShap100":[0.3369163947,10.0490317562,11.2019607585,-4.6458746052,1.7397091757,-0.782544008,1.0256737857,68.5115488902,11.7485679168,0.0],"WSS100":[2.031450482,5.3291670542,9.3384552336,-1.3469024543,4.8920347929,-1.3685181874,0.0519505667,64.8521765813,10.4447742328,2.4898373323],"BetaShap (U)100":[1.7929758403,13.0603053758,21.4872471546,-56.2640835108,6.1672535293,0.7950115428,-0.7926431934,70.5268392437,-6.3815156116,1.7324918966],"TMC100":[11.4392718352,8.645019247,11.0213848352,-13.0154968301,5.2675271126,-1.9902803164,-0.3731750747,68.3398175836,5.5990166022,0.2820027073],"LOO":[0.4683195353,0.7644207478,0.8923888206,-0.1643455029,6.1672563553,0.7950171232,0.2378282547,44.2070989609,-0.0182139874,-0.3824011683]}],"FM_matrix_groundtruth":"[[  0.          -4.04105119 -12.75238074   8.7831072    3.3993059\n    1.94686318   3.16064145  -8.29610753   6.55578735  -2.73000765]\n [ -4.04105119   0.          -6.19868328   7.94785733   2.46212481\n    2.21363962   3.3163384  -13.03188823  -3.32553606  -1.63870627]\n [-12.75238074  -6.19868328   0.           7.20619138   2.14561291\n    5.7522382    2.20359253 -17.8893553    3.55678284  -4.61895256]\n [  8.7831072    7.94785733   7.20619138   0.           3.58838043\n    3.51819513   9.54123142   4.37132291   5.22591148   5.91768605]\n [  3.3993059    2.46212481   2.14561291   3.58838043   0.\n    2.70596312   2.61148491   8.07777505   3.10265805   3.40199988]\n [  1.94686318   2.21363962   5.7522382    3.51819513   2.70596312\n    0.           2.28779573   5.15928978   5.60628338   2.00240065]\n [  3.16064145   3.3163384    2.20359253   9.54123142   2.61148491\n    2.28779573   0.           1.75810249   5.47133851  -1.61593968]\n [ -8.29610753 -13.03188823 -17.8893553    4.37132291   8.07777505\n    5.15928978   1.75810249   0.         -20.50592884  -3.50944561]\n [  6.55578735  -3.32553606   3.55678284   5.22591148   3.10265805\n    5.60628338   5.47133851 -20.50592884   0.           0.67605821]\n [ -2.73000765  -1.63870627  -4.61895256   5.91768605   3.40199988\n    2.00240065  -1.61593968  -3.50944561   0.67605821   0.        ]]"}
{"query":"What kind of power source is used by the ancient constructs found in the Desert of Bones?","context":[[["Internal 'Geothermal Converters' fuel the Sand-Crawlers, extracting heat from subterranean vents.","The Crystal Sentinels utilize complex 'Starlight Capacitors' to gradually accumulate and preserve cosmic power.","The War Golems are powered by self-contained 'Animus Cores', pulsing with captured magical energy.","In the desolate 'Desert of Bones', ancient War Golems have been unearthed from the shifting sands.","The sandstorms in the desert are legendary.","Retrieving a full Animus Core is extremely dangerous.","Other constructs use different power sources.","The golems are still capable of limited function.","Animus Cores are remnants of powerful spirits.","The golems were originally designed for defense."]]],"provided_answer":"The ancient War Golems found in the Desert of Bones are powered by self-contained 'Animus Cores', which pulse with captured magical energy.","top_k":null,"doc_id":[[["C","D","B","A","I","H","G","F","E","J"]]],"FM_matrix":[[[1142.072446321,-4.3654671522,-2.9943864456,-7.6788881306,-5.1957639741,-4.9280492944,5.71854384,-6.3978908351,0.2455423031,3.8716088366],[-4.3654671522,3.1781573263,-3.4931402206,1.8531982058,-2.5120242768,-2.8676800085,-1.9904650014,-1.7754299163,-1.7876318941,0.5210151521],[-2.9943864456,-3.4931402206,35.8769283332,-16.7500431454,11.5426102359,1.5630656081,0.0978739303,2.6634120139,11.2273613617,-0.9650460118],[-7.6788881306,1.8531982058,-16.7500431454,15.0650745357,4.0854002214,2.3296543824,1.4184602321,-0.6466515541,-4.5714076945,-4.2201019],[-5.1957639741,-2.5120242768,11.5426102359,4.0854002214,17.1217089765,6.1459288421,3.1674298513,2.512313549,4.9169622294,-6.7619681676],[-4.9280492944,-2.8676800085,1.5630656081,2.3296543824,6.1459288421,4.1728354195,2.6118716107,1.9275136226,1.4774434752,-2.5748152091],[5.71854384,-1.9904650014,0.0978739303,1.4184602321,3.1674298513,2.6118716107,1.7632148758,1.1950900301,0.6813747499,-1.359332674],[-6.3978908351,-1.7754299163,2.6634120139,-0.6466515541,2.512313549,1.9275136226,1.1950900301,1.1326495897,1.2698875541,-0.7573579827],[0.2455423031,-1.7876318941,11.2273613617,-4.5714076945,4.9169622294,1.4774434752,0.6813747499,1.2698875541,3.7568740884,-0.8791966796],[3.8716088366,0.5210151521,-0.9650460118,-4.2201019,-6.7619681676,-2.5748152091,-1.359332674,-0.7573579827,-0.8791966796,3.1531992515]]],"scoring":[{"Exact":[-0.6804072802,2.4186466325,104.1780141116,19.7520444305,-3.2519452016,2.7807284221,-4.1809496742,0.7588669255,0.1765479594,0.6754372572],"ContextCite32":[7.3880927267,2.5900227085,109.0754575233,19.7314434746,-5.9368290876,0.4862201227,0.0,-1.3950182187,-10.8801339162,6.6435858331],"KernelShap32":[4.5697309389,-2.1632253462,107.3396941082,17.4778012582,3.6973208187,0.5744028319,-1.4765711681,-2.235294122,-1.5949293932,-1.7973757822],"WSS32":[2.3889936422,1.5346769502,104.9132564183,25.0511778783,-6.8442110704,9.3455962873,-2.9847099181,-0.937215687,-11.8350778634,0.0367186944],"BetaShap (U)32":[-18.7331962356,-1.6513673301,112.3976499015,28.6101519859,-0.2737550201,-0.2624576377,-6.5573471447,0.4526145476,-6.3875791623,5.3307295411],"TMC32":[-4.593837738,5.8731498718,113.308246692,16.7128690481,-0.5202534993,5.9041112363,-6.5323003133,-2.6135506034,-6.1239089966,4.8010005951],"ContextCite64":[4.181390507,5.2396902079,105.0369431921,21.3269269706,-3.40215354,1.587789866,-2.0788214969,-0.3051680995,-8.5825720191,1.8805866132],"KernelShap64":[2.0267478175,0.6405817603,104.5337003368,20.0453582019,3.1890667373,0.3292098369,-1.6427141556,1.422298766,-6.0794596965,0.1739653308],"WSS64":[5.1717058417,2.473144491,101.6942597166,16.7398978177,-6.9336046149,3.9448827549,-3.0260725016,0.1198550115,-11.9694280529,0.2053467289],"BetaShap (U)64":[-18.733150244,-1.6513779107,99.1775578321,28.6101437611,0.3777565492,-0.2624567899,-2.6477426262,-4.3940083874,7.2687113139,2.7725930152],"TMC64":[-3.1266164098,2.571764484,98.6455548257,19.6774586588,0.590409611,6.5730965137,-2.6899684668,-2.6393108889,0.9733032286,2.5272836164],"ContextCite100":[3.2736376038,2.9543146665,103.8285876515,20.4623801479,-2.5280345786,1.7771655251,-0.5018392979,0.4178809918,-8.0665323897,-0.6526215238],"KernelShap100":[-0.2799101759,0.6564029629,103.7208641027,19.5771792702,0.6620838784,1.5795068512,-1.4122392744,-0.7071427482,-5.1166584903,0.3841833128],"WSS100":[4.3110575178,3.0936511854,103.7426559468,18.7178528771,-2.8933837272,1.9894514691,-1.1896555037,0.4075528013,-8.4742976991,1.6085108429],"BetaShap (U)100":[-6.2730538789,-1.6513660753,103.8075425226,28.6101430358,0.3777610496,-0.2624560509,-4.4044330364,-3.9093458102,7.2687162727,-9.9066255081],"TMC100":[-2.8400520728,3.4965120095,98.8995661636,19.368645529,2.1314670581,4.7575077644,-4.1900541484,-2.3168532501,0.6031412253,1.1380391568],"LOO":[-0.0429779291,-0.005592227,101.8082045913,4.8472446799,0.37775594,-0.2624676824,1.1213507056,0.4526221156,0.5132827163,0.4599675536]}],"FM_matrix_groundtruth":"[[  0.           1.41947076   6.49292385  -0.25700769   2.80038141\n   -2.13060769   7.2914665    0.41321078   0.45809618   2.20232619]\n [  1.41947076   0.           0.52942925  -3.57435598   2.78750906\n    1.31705073   2.21946794   0.27265814  -3.59335317   0.26792112]\n [  6.49292385   0.52942925   0.         -18.44363506   5.62555791\n   -3.94137975   0.52878451   1.71766807   2.81044606   2.6808269 ]\n [ -0.25700769  -3.57435598 -18.44363506   0.           3.6688861\n    0.49149577   3.6126333   -1.90895749  -4.10015956  -3.25183079]\n [  2.80038141   2.78750906   5.62555791   3.6688861    0.\n    3.03465955   3.9844079    2.31232548   2.78043389   2.27572263]\n [ -2.13060769   1.31705073  -3.94137975   0.49149577   3.03465955\n    0.           0.86296983   4.56790635  -7.46654097   3.57600651]\n [  7.2914665    2.21946794   0.52878451   3.6126333    3.9844079\n    0.86296983   0.           2.15174104   2.48307778   3.09623031]\n [  0.41321078   0.27265814   1.71766807  -1.90895749   2.31232548\n    4.56790635   2.15174104   0.          -0.95177956  -1.3048213 ]\n [  0.45809618  -3.59335317   2.81044606  -4.10015956   2.78043389\n   -7.46654097   2.48307778  -0.95177956   0.           0.82431665]\n [  2.20232619   0.26792112   2.6808269   -3.25183079   2.27572263\n    3.57600651   3.09623031  -1.3048213    0.82431665   0.        ]]"}
