query,context,provided_answer,top_k,doc_id,FM_matrix,scoring,FM_matrix_groundtruth
What is the primary function of a Zylosian Geo-Resonator?,"[[['The main function of a Zylosian Geo-Resonator is to emit a harmonic wave that stabilizes volatile Chronium deposits during mining.', 'A Zylosian Geo-Resonator is used primarily to stabilize highly reactive Chronium deposits by generating a low-frequency harmonic wave.', 'The Zylosian Geo-Resonator model XR-7A requires a standard Z-type power cell to operate.', 'Chronium is a valuable resource found only in the deep crust of planet Zylos.', 'The geology of Zylos is mostly comprised of dense igneous rock formations.', 'Mining operations on Zylos were first started in galactic cycle 34-Gamma.', 'Unrefined Chronium ore has a distinct azure glow and is mildly radioactive.', 'The native fauna of Zylos, such as the Gleebs, are unaffected by Chronium.', 'Safety protocols mandate that all personnel wear radiation-shielded gear near a Geo-Resonator.', 'The market price of Chronium has increased by 15% in the last quarter.']]]",The primary function of a Zylosian Geo-Resonator is to emit a harmonic wave that stabilizes volatile Chronium deposits during mining.,,"[[['A', 'B', 'C', 'D', 'E', 'F', 'G', 'H', 'I', 'J']]]","[array([[ 1.88948229e+02, -3.65079380e+00,  4.02785226e+00,
        -2.95543123e+00, -4.89352402e+00, -2.66411175e+00,
        -3.28166325e+00, -1.76083108e+00, -1.03321020e+00,
         1.33693935e+00],
       [-3.65079380e+00,  3.78092792e+00,  1.75696097e+00,
         2.19724950e+00, -4.17134969e-01, -4.36537925e+00,
        -2.91708590e+00, -2.15073224e+00,  4.17050543e-01,
         7.31219394e-01],
       [ 4.02785226e+00,  1.75696097e+00,  1.17922062e+01,
         1.81930126e+00,  2.18299048e-01,  7.33559975e-01,
        -3.03545868e+00,  2.10783326e+00,  2.69109208e-01,
        -2.17674782e+00],
       [-2.95543123e+00,  2.19724950e+00,  1.81930126e+00,
         1.43533216e+00, -1.82511368e-01, -5.20588423e+00,
        -1.74706413e+00, -7.80266104e-01,  3.16831840e-01,
         2.42499892e-01],
       [-4.89352402e+00, -4.17134969e-01,  2.18299048e-01,
        -1.82511368e-01,  2.28654762e-01,  1.08654547e+00,
         4.13556147e-01,  5.01236562e-01, -2.84481061e-02,
        -2.78546494e-01],
       [-2.66411175e+00, -4.36537925e+00,  7.33559975e-01,
        -5.20588423e+00,  1.08654547e+00,  9.94347650e+01,
         2.08127962e+00, -3.06104269e+00, -2.48533712e+00,
        -2.38233458e+00],
       [-3.28166325e+00, -2.91708590e+00, -3.03545868e+00,
        -1.74706413e+00,  4.13556147e-01,  2.08127962e+00,
         2.67023107e+00,  1.41764779e+00, -2.89869923e-01,
        -2.66152099e-01],
       [-1.76083108e+00, -2.15073224e+00,  2.10783326e+00,
        -7.80266104e-01,  5.01236562e-01, -3.06104269e+00,
         1.41764779e+00,  2.72964566e+00, -5.12033477e-02,
        -1.17580200e+00],
       [-1.03321020e+00,  4.17050543e-01,  2.69109208e-01,
         3.16831840e-01, -2.84481061e-02, -2.48533712e+00,
        -2.89869923e-01, -5.12033477e-02,  9.41570148e-02,
         6.76109716e-02],
       [ 1.33693935e+00,  7.31219394e-01, -2.17674782e+00,
         2.42499892e-01, -2.78546494e-01, -2.38233458e+00,
        -2.66152099e-01, -1.17580200e+00,  6.76109716e-02,
         7.86182444e-01]])]","[{'Exact': array([51.22884098,  5.90454922,  0.416708  ,  5.52376772,  0.44180771,
        3.61918895,  5.53454978,  5.47429358,  1.54079663,  5.76930268]), 'ContextCite32': array([46.39453564,  1.26184468, -0.73345856, -0.09003792,  3.39215884,
        4.97428   ,  4.02568266,  2.45191317,  1.14074004,  0.26669624]), 'KernelShap32': array([45.90406985,  2.20022264,  0.27310506,  2.46902282,  2.96359103,
       -0.16073599,  0.23188339,  1.23326944,  4.21826068,  2.84822061]), 'WSS32': array([47.97141076,  8.46094285,  9.3275089 , 15.75090489,  0.56994855,
       -0.85834719,  3.86114293, -4.91904154, -4.43925922, -2.99043491]), 'BetaShap (U)32': array([ 8.36096752e+01,  3.87556629e+01,  3.63524305e-01,  3.98570192e+01,
       -8.43111583e-01,  6.70642776e-02,  3.22550418e-01,  9.87947104e-02,
        9.73863597e-02,  6.86356050e-01]), 'TMC32': array([52.87030108, 10.36692275,  0.36507664, 19.95858292, -0.7935455 ,
        0.78318827,  0.31635332,  0.82367045,  0.09612654,  0.6627745 ]), 'ContextCite64': array([46.09511082,  2.44499561, -2.86798495,  2.79994675,  2.6459093 ,
        2.91810151,  2.27648813,  3.50191569,  2.83292809,  0.57531052]), 'KernelShap64': array([46.89958541,  3.59243359, -2.64710777,  1.87436314, -0.58851861,
        0.7174317 ,  1.88010427,  2.85404073,  2.18664572,  2.9952504 ]), 'WSS64': array([46.62324856,  4.41803494, -0.69300519,  2.61189963,  3.72511268,
        0.88284945,  2.00095612,  1.13020157,  1.26764482, -0.73687685]), 'BetaShap (U)64': array([ 8.36095729e+01,  3.87556665e+01, -1.02012809e+00,  3.98569712e+01,
        8.34076655e-02,  6.70656154e-02, -1.43139937e-01,  2.62751749e+01,
        1.44342744e+01, -5.90945725e-01]), 'TMC64': array([49.44404549, 11.09016771, -1.00699797, 14.11349772, -0.24564052,
        1.64078993, -0.16608627, 10.26816847,  1.3536348 , -0.73232579]), 'ContextCite100': array([46.47092761,  1.97367725, -1.93996987,  1.5664948 ,  1.23383791,
        1.95028745,  2.28704003,  1.8031901 ,  1.55821566,  1.30366857]), 'KernelShap100': array([ 4.66183183e+01,  2.76277061e+00, -3.77988570e+00,  2.25176515e+00,
       -3.16629486e-01,  6.18218255e-01,  1.37366708e+00,  2.53702334e+00,
       -1.32246324e-02,  2.67125461e+00]), 'WSS100': array([46.83856763,  2.27306684, -2.26126379,  2.54037475,  1.43442183,
        0.57258229,  0.78069771,  1.26352107,  1.34630257,  0.87220032]), 'BetaShap (U)100': array([60.61896731, 38.75559132, 14.83183836, 39.85696936,  0.08340723,
        0.06706572, -0.21848017, 23.65754256, 14.43429573, 41.9753875 ]), 'TMC100': array([50.26311018,  6.48418379,  0.33059047, 12.6674218 , -0.34523928,
        1.27011223, -0.21995262, 10.16282286,  1.83771529,  5.05764427]), 'LOO': array([49.1236203 ,  0.0552704 ,  0.256102  ,  0.08500209,  0.08340856,
        0.06706282,  0.08461908,  0.09879249,  0.08569148,  0.25137869])}]","[[ 0.         -7.54471996  1.27611893 -6.08045198  0.06883815 -3.90534998
  -5.78471928 -5.90794504 -1.1765271  -5.43139373]
 [-7.54471996  0.         -1.41178285 -5.17733012  0.12749428 -2.76404633
  -5.50235203 -7.31091782 -2.66016942 -6.45665027]
 [ 1.27611893 -1.41178285  0.         -1.69835458 -1.36592517 -1.48014664
  -1.72838007 -2.5780117  -2.44231923 -3.14706691]
 [-6.08045198 -5.17733012 -1.69835458  0.         -1.50568036 -3.6976769
  -6.67667892 -6.19772336 -0.91814665 -7.82001451]
 [ 0.06883815  0.12749428 -1.36592517 -1.50568036  0.         -2.22314672
  -0.53670181 -0.18864539  0.03690047 -0.98147354]
 [-3.90534998 -2.76404633 -1.48014664 -3.6976769  -2.22314672  0.
  -2.35883275 -2.20303742 -1.81943913 -3.11669069]
 [-5.78471928 -5.50235203 -1.72838007 -6.67667892 -0.53670181 -2.35883275
   0.         -6.30773673 -1.81776458 -6.74637752]
 [-5.90794504 -7.31091782 -2.5780117  -6.19772336 -0.18864539 -2.20303742
  -6.30773673  0.         -2.04856539 -6.52204324]
 [-1.1765271  -2.66016942 -2.44231923 -0.91814665  0.03690047 -1.81943913
  -1.81776458 -2.04856539  0.         -1.50263417]
 [-5.43139373 -6.45665027 -3.14706691 -7.82001451 -0.98147354 -3.11669069
  -6.74637752 -6.52204324 -1.50263417  0.        ]]"
Why was the Q3 launch of Project Nebula at Vortex Corp postponed?,"[[[""Project Nebula's launch was postponed because of a major security flaw discovered in the authentication module of the QuantumLeap framework."", ""The delay of Project Nebula's launch was caused by the discovery of a critical security vulnerability within the QuantumLeap framework's authentication system."", ""Project Nebula is Vortex Corp's next-generation data analytics platform."", 'The QuantumLeap framework is a proprietary technology developed by Vortex Corp.', 'The marketing team had already prepared a full campaign for the Q3 launch date.', 'Team members on Project Nebula will now focus on bug-fixing sprints.', ""Vortex Corp's stock price saw a minor dip following the announcement."", 'Project Chimera, another initiative at Vortex Corp, is reportedly ahead of schedule.', 'The user interface for Project Nebula has received positive feedback from early testers.', 'The budget for Project Nebula in Q4 will be increased to cover delay costs.']]]",The Q3 launch of Project Nebula at Vortex Corp was postponed due to a major security flaw discovered in the authentication module of the QuantumLeap framework.,,"[[['A', 'B', 'C', 'D', 'E', 'F', 'G', 'H', 'I', 'J']]]","[array([[ 5.75269260e+02, -1.88867444e+01, -2.94431478e-02,
        -1.95988353e+01,  4.56859165e+00,  2.54976264e+00,
        -2.12417294e+00,  3.02011706e+00,  4.51608104e-01,
         4.60891854e+00],
       [-1.88867444e+01,  1.34340352e+01, -8.21585572e-02,
        -1.31288842e+01, -2.05835100e+00, -3.44116953e+00,
        -1.23396654e+00, -1.03863909e-02, -3.26536141e+00,
         1.96202285e+00],
       [-2.94431478e-02, -8.21585572e-02,  4.06530844e-01,
         5.02265637e-01,  5.93905921e-01,  6.27369036e-01,
         1.37825915e+00,  1.12304953e+00,  1.69039033e-01,
         1.70091239e+00],
       [-1.95988353e+01, -1.31288842e+01,  5.02265637e-01,
         1.60999439e+01,  2.68513724e+00,  3.46154915e+00,
         2.99100983e+00,  1.27728909e+00,  3.78946124e+00,
        -1.72789941e+00],
       [ 4.56859165e+00, -2.05835100e+00,  5.93905921e-01,
         2.68513724e+00,  1.34182426e+00,  7.53207523e-01,
         2.26019459e+00,  1.93673717e+00,  8.51310550e-01,
         1.20092079e+00],
       [ 2.54976264e+00, -3.44116953e+00,  6.27369036e-01,
         3.46154915e+00,  7.53207523e-01,  3.94304171e+00,
         1.96900079e+00,  5.98851844e-01,  5.61633425e-01,
         5.33464110e+00],
       [-2.12417294e+00, -1.23396654e+00,  1.37825915e+00,
         2.99100983e+00,  2.26019459e+00,  1.96900079e+00,
         4.83842408e+00,  3.97328978e+00,  9.25356010e-01,
         4.92689401e+00],
       [ 3.02011706e+00, -1.03863909e-02,  1.12304953e+00,
         1.27728909e+00,  1.93673717e+00,  5.98851844e-01,
         3.97328978e+00,  3.65793399e+00,  6.44371934e-01,
         3.14047505e+00],
       [ 4.51608104e-01, -3.26536141e+00,  1.69039033e-01,
         3.78946124e+00,  8.51310550e-01,  5.61633425e-01,
         9.25356010e-01,  6.44371934e-01,  1.00127562e+00,
        -6.97448436e-01],
       [ 4.60891854e+00,  1.96202285e+00,  1.70091239e+00,
        -1.72789941e+00,  1.20092079e+00,  5.33464110e+00,
         4.92689401e+00,  3.14047505e+00, -6.97448436e-01,
         1.27269666e+01]])]","[{'Exact': array([47.53535069, 12.60506549,  0.63648524,  9.54736215,  0.23014543,
        0.97894359,  0.95646319,  0.52001413,  1.19514104, -1.31417335]), 'ContextCite32': array([50.40869575, 11.89951182,  0.71536281, 11.14726046,  7.81277812,
       -2.52055366,  1.79176064,  0.7646222 ,  3.1324757 , -8.32024371]), 'KernelShap32': array([47.88887017, 14.11044106, -3.52512413, 11.23442969, -4.69813118,
        3.28993437,  0.28633685,  2.99055924,  1.26670812, -6.0496771 ]), 'WSS32': array([ 25.78054559,   0.14963675,  10.95585731,  30.36477678,
        12.91654068,   3.02393266,   5.75440428, -15.29715583,
         9.60088751, -17.40830405]), 'BetaShap (U)32': array([ 7.43010810e+01,  4.62076465e+01, -1.18164337e-01,  3.48985924e+01,
       -2.93663466e-01,  5.14959067e-02,  1.41229392e+00,  4.49829661e-01,
        3.39345350e-01,  2.65102035e-01]), 'TMC32': array([42.39300662, 10.97459811, -0.11163386, 17.18833953, -0.28106451,
        1.16965836,  1.36412024, -0.50999753,  0.33494377,  0.35069448]), 'ContextCite64': array([44.78566612, 10.83963242,  1.74947736, 11.95732597,  2.16963992,
        0.46245662,  2.14487173,  1.29616378,  3.82164484, -3.62621569]), 'KernelShap64': array([47.10553965, 13.62789524, -4.636173  ,  7.92732674, -3.60767979,
       -2.02685956,  0.        ,  1.37065586, -0.8299628 ,  0.52099779]), 'WSS64': array([44.0737384 ,  9.82487507,  1.5302636 ,  6.50130687,  0.26759316,
       -1.354632  ,  1.33919298, -0.4234912 ,  1.970814  , -2.09271147]), 'BetaShap (U)64': array([ 7.43009674e+01,  4.62076748e+01, -8.90166462e-01,  3.48985491e+01,
       -3.66982147e-01,  5.14952477e-02,  1.23199047e+00,  6.93892511e+00,
        1.22820987e+01, -1.39399638e+00]), 'TMC64': array([37.8995767 , 20.39652786, -0.86672035, 11.68488422, -0.32670021,
        0.95672727,  1.23979983,  2.22068948,  1.60828704, -1.51650047]), 'ContextCite100': array([43.15628577,  7.29793151,  1.12626725,  8.76407119, -0.46360193,
        0.64145547,  1.45567993,  0.08336574,  0.79768506, -3.37902389]), 'KernelShap100': array([47.33498071, 10.96538252, -2.13685634,  8.91118363, -1.91046083,
       -2.48530689,  0.2263521 ,  0.2299788 , -1.05372266, -0.34693473]), 'WSS100': array([44.84342572, 10.09422088, -0.49263457,  7.69893125, -1.96905491,
       -3.63448607, -0.1409413 , -2.07237998, -0.34323003, -1.9405209 ]), 'BetaShap (U)100': array([50.01670876, 46.20761037, 10.93482403, 34.89854733, -0.36698321,
        0.05149516,  0.54776433,  6.29001791, 12.28211503,  3.03192634]), 'TMC100': array([42.35396158, 17.95750833,  0.28412269, 10.36420264, -0.68801034,
        0.67744646,  0.68423994,  2.48547198,  1.78963452, -2.14987125]), 'LOO': array([ 3.78745165e+01, -9.95579243e-01,  3.48339081e-02, -4.02639389e-01,
       -3.66982222e-01,  5.14936447e-02,  1.83542252e-01,  4.49832678e-01,
        2.82535076e-01,  6.23409748e-02])}]","[[  0.         -22.35576181  -0.38910026 -14.75444277   0.44593352
   -0.60265477  -0.90095343   0.60988226  -0.78757975   2.30801123]
 [-22.35576181   0.          -1.29633833 -16.12064088  -2.03537247
   -1.79339842  -1.91295105  -0.84733648  -1.97351225   1.13198403]
 [ -0.38910026  -1.29633833   0.          -0.89245913  -1.76810065
   -2.23752542  -1.27316155  -1.26503749  -0.78419074  -0.99417379]
 [-14.75444277 -16.12064088  -0.89245913   0.          -0.99563825
   -0.3070795   -0.15564552  -1.55504161  -0.55127971   0.03095975]
 [  0.44593352  -2.03537247  -1.76810065  -0.99563825   0.
   -4.50120803  -1.00223194  -2.04114874  -1.21964723  -2.47539852]
 [ -0.60265477  -1.79339842  -2.23752542  -0.3070795   -4.50120803
    0.          -1.17013445  -1.52544039  -1.54127635  -0.36134939]
 [ -0.90095343  -1.91295105  -1.27316155  -0.15564552  -1.00223194
   -1.17013445   0.          -0.64487379  -2.21873387  -0.9201803 ]
 [  0.60988226  -0.84733648  -1.26503749  -1.55504161  -2.04114874
   -1.52544039  -0.64487379   0.          -1.84929087  -0.61536715]
 [ -0.78757975  -1.97351225  -0.78419074  -0.55127971  -1.21964723
   -1.54127635  -2.21873387  -1.84929087   0.          -1.07411968]
 [  2.30801123   1.13198403  -0.99417379   0.03095975  -2.47539852
   -0.36134939  -0.9201803   -0.61536715  -1.07411968   0.        ]]"
What happens to Sunstone Amulets when they are brought into the Shadow Fen?,"[[[""When a Sunstone Amulet is brought into the Shadow Fen, its magical energy is completely nullified by the region's ambient dark magic."", ""A Sunstone Amulet loses all of its power upon entering the Shadow Fen, as the area's pervasive necrotic energies drain it entirely."", 'Sunstone Amulets are crafted from petrified sunlight and woven with silver threads.', 'The Shadow Fen is a vast, magical swamp on the southern border of Aethelgard.', 'To recharge a Sunstone Amulet, it must be left in direct sunlight.', ""Other magical items, like the Shield of Dawn, are resistant to the Fen's magic."", 'The last king of Aethelgard was said to have been lost in the Shadow Fen.', ""The flora in the Shadow Fen includes the dangerous 'Grasping Vine' plant."", 'Crafting a Sunstone Amulet requires a complex incantation known only to mages.', 'The amulets are a symbol of the Aethelgardian royal family.']]]","When a Sunstone Amulet is brought into the Shadow Fen, its magical energy is completely nullified by the region's ambient dark magic.",,"[[['A', 'B', 'C', 'D', 'E', 'F', 'G', 'H', 'I', 'J']]]","[array([[ 1.36155187e+02,  1.73626974e+01,  2.25681579e+00,
        -7.99798655e-01,  3.32088500e+00, -2.66025656e+00,
         1.04238806e+00,  1.50563092e+00, -1.44590851e+00,
         1.49344416e+00],
       [ 1.73626974e+01,  1.26879524e+01,  1.40322994e+00,
        -3.66281060e-01, -5.36451280e-01, -1.36536824e+00,
        -1.50447399e+00, -1.18508638e+00, -9.95235285e-01,
        -4.24723576e-01],
       [ 2.25681579e+00,  1.40322994e+00,  1.01610921e+00,
        -1.14836696e+00, -2.79463403e-01,  8.12797531e-01,
        -1.44798571e-01,  2.03132030e-01, -1.11350413e-01,
         1.24735497e-01],
       [-7.99798655e-01, -3.66281060e-01, -1.14836696e+00,
         1.53253065e+00,  3.15802552e-01, -1.44085600e+00,
         1.72984546e-02, -3.50793264e-01, -9.21917613e-03,
        -2.10915612e-01],
       [ 3.32088500e+00, -5.36451280e-01, -2.79463403e-01,
         3.15802552e-01,  2.33235547e-01, -2.61785730e-01,
         1.71911689e-01,  8.03974061e-02,  3.43667844e-02,
         4.75226561e-02],
       [-2.66025656e+00, -1.36536824e+00,  8.12797531e-01,
        -1.44085600e+00, -2.61785730e-01,  1.83016227e+00,
         1.58980616e-01,  3.67595956e-01,  2.04542967e-01,
         2.28507108e-01],
       [ 1.04238806e+00, -1.50447399e+00, -1.44798571e-01,
         1.72984546e-02,  1.71911689e-01,  1.58980616e-01,
         2.64179355e-01,  2.30570252e-01,  1.16523285e-01,
         1.10071289e-01],
       [ 1.50563092e+00, -1.18508638e+00,  2.03132030e-01,
        -3.50793264e-01,  8.03974061e-02,  3.67595956e-01,
         2.30570252e-01,  3.38286473e-01,  7.32023887e-02,
         1.57919265e-01],
       [-1.44590851e+00, -9.95235285e-01, -1.11350413e-01,
        -9.21917613e-03,  3.43667844e-02,  2.04542967e-01,
         1.16523285e-01,  7.32023887e-02,  9.43535926e-02,
         3.34654469e-02],
       [ 1.49344416e+00, -4.24723576e-01,  1.24735497e-01,
        -2.10915612e-01,  4.75226561e-02,  2.28507108e-01,
         1.10071289e-01,  1.57919265e-01,  3.34654469e-02,
         8.45853435e-02]])]","[{'Exact': array([ 5.00589669e+01, -9.76670487e+00, -2.23616278e-01,  1.84572454e+00,
       -1.09135643e+00,  2.88714893e+00, -1.21624861e-01,  4.53454704e-01,
        3.10294908e+00,  4.01740929e-02]), 'ContextCite32': array([ 42.86909078, -10.18133591,  -2.45233819,   1.6985711 ,
        -1.05725973,   3.08107702,   0.94848637,   0.38320909,
         2.50377706,  -0.59493318]), 'KernelShap32': array([ 4.84403380e+01, -1.03906059e+01,  2.95491640e+00,  8.55260795e-01,
       -3.15354250e+00, -2.16365360e+00, -1.96185263e-02,  1.35435530e-01,
        2.94256401e+00,  9.64101719e-02]), 'WSS32': array([45.57359791, -2.91631894,  0.24646599, -0.80341393, -0.89001875,
       -5.31664512, -1.684655  ,  7.00484455,  3.14195661, -1.64466907]), 'BetaShap (U)32': array([47.71027526, -7.88571001,  0.50839318,  8.53240132, -1.31381221,
        0.25818974,  0.30656612,  0.3042433 ,  0.25609273,  0.31608216]), 'TMC32': array([48.75221846, -8.39264914,  0.49209372,  4.41259646, -1.26420673,
        0.96864724,  0.30557362,  1.13538392,  0.27560647,  0.42832875]), 'ContextCite64': array([ 46.77510048, -12.20684154,  -2.63572413,   1.08390823,
        -0.59936673,   2.84954336,  -0.        ,  -0.08735865,
         2.42592844,  -1.14731971]), 'KernelShap64': array([ 4.85723676e+01, -1.16156176e+01,  1.90658993e+00, -0.00000000e+00,
       -2.06469375e+00,  7.69045690e-01, -5.71671892e-02, -2.39146472e-03,
        1.75915987e+00, -1.84791343e-01]), 'WSS64': array([ 4.86599013e+01, -9.61130415e+00, -2.51587627e-01,  4.68551593e-01,
       -7.72639186e-01,  1.36695888e+00,  1.06477162e+00, -2.59770614e-02,
        1.40205999e+00,  1.20410008e-01]), 'BetaShap (U)64': array([ 4.77102906e+01, -7.88572285e+00, -2.16764522e-01,  8.53238996e+00,
        4.36908010e-02,  2.58190184e-01,  3.11768939e-01,  4.53710303e+00,
        1.48847797e+01, -5.96272096e-02]), 'TMC64': array([ 50.71145969, -13.17976879,  -0.24262559,   3.01482803,
        -0.65619775,   1.33564063,   0.3049233 ,   2.21437079,
         2.87067246,  -0.06866974]), 'ContextCite100': array([ 48.57122523, -11.0259337 ,  -1.16900314,   1.82084319,
        -1.56685503,   1.37924359,   0.36237275,  -1.52823377,
         1.46567047,  -0.22397824]), 'KernelShap100': array([ 47.7246835 , -11.47402269,   0.14169821,   0.50821671,
        -1.98467434,   0.38181292,   0.20766702,  -0.39388249,
         1.57817668,   0.        ]), 'WSS100': array([ 4.95754967e+01, -1.06008866e+01, -5.98699047e-01,  1.05011204e+00,
       -1.92381223e+00,  1.76283634e+00, -1.10065788e-01, -1.38805465e-02,
        1.41773682e+00, -7.30270584e-01]), 'BetaShap (U)100': array([ 5.53757783e+01, -7.88572436e+00,  2.64556888e+00,  8.53239152e+00,
        4.36898933e-02,  2.58192382e-01, -1.17437492e+00,  4.11381763e+00,
        1.48847971e+01,  4.75863070e+00]), 'TMC100': array([ 5.03391042e+01, -1.17515479e+01,  1.17471894e-01,  3.19506011e+00,
       -8.27824703e-01,  2.08064672e+00, -9.45885460e-01,  2.11574686e+00,
        3.05386041e+00,  7.71085421e-05]), 'LOO': array([ 5.92085609e+01, -2.19234085e+00,  3.83388042e-01,  4.22934532e-01,
        4.36925888e-02,  2.58188248e-01,  3.23635101e-01,  3.04241180e-01,
        6.85184956e-01,  6.33282661e-01])}]","[[ 0.         15.43892177  1.01868109 -2.02930308  2.26817053 -4.20779315
   1.14533246  0.65684475 -3.80195579  1.00939148]
 [15.43892177  0.          0.70299677 -0.158866   -1.5835381  -3.15285646
  -0.91047785 -1.40001284 -2.41887443 -0.82392586]
 [ 1.01868109  0.70299677  0.         -1.08125129 -0.56890168  0.26720695
  -0.64866405 -1.25070384 -0.53216034 -0.1694073 ]
 [-2.02930308 -0.158866   -1.08125129  0.         -0.46799374 -2.18354323
   0.19266686 -0.27844393 -1.36007029 -0.74267043]
 [ 2.26817053 -1.5835381  -0.56890168 -0.46799374  0.         -0.70076986
   0.52930576 -1.24006131 -1.53218206  0.11017086]
 [-4.20779315 -3.15285646  0.26720695 -2.18354323 -0.70076986  0.
  -0.18991033 -0.85467342 -1.82107443 -0.38483277]
 [ 1.14533246 -0.91047785 -0.64866405  0.19266686  0.52930576 -0.18991033
   0.         -0.23311802 -0.60334559 -1.41798538]
 [ 0.65684475 -1.40001284 -1.25070384 -0.27844393 -1.24006131 -0.85467342
  -0.23311802  0.         -1.08650234 -0.66262944]
 [-3.80195579 -2.41887443 -0.53216034 -1.36007029 -1.53218206 -1.82107443
  -0.60334559 -1.08650234  0.         -1.04350313]
 [ 1.00939148 -0.82392586 -0.1694073  -0.74267043  0.11017086 -0.38483277
  -1.41798538 -0.66262944 -1.04350313  0.        ]]"
What is the sole food source for the Glimmerwing Moths of Aeridor?,"[[['The diet of the Glimmerwing Moth is highly specialized, as it feeds exclusively on the pollen of the nocturnal Moonsilk Flower.', 'The only substance that Glimmerwing Moths consume for sustenance is the pollen from the Moonsilk Flower, a rare bloom.', 'Glimmerwing Moths are found only in the Crystal Spires region of Aeridor.', 'The wings of a Glimmerwing Moth are prized for their iridescent dust.', 'The Moonsilk Flower only blooms during a full moon on Aeridor.', 'Aeridor is also home to the Stone-Hide Wyvern, a natural predator of the moth.', 'The lifespan of a Glimmerwing Moth is a single lunar cycle.', 'Many attempts to cultivate the Moonsilk Flower outside of Aeridor have failed.', 'The larval stage of the Glimmerwing Moth lives inside crystalline structures.', 'The Crystal Spires are giant, translucent mountains that hum with energy.']]]",The sole food source for the Glimmerwing Moths of Aeridor is the pollen of the Moonsilk Flower.,,"[[['A', 'B', 'C', 'D', 'E', 'F', 'G', 'H', 'I', 'J']]]","[array([[ 7.02086676e+02, -8.15596394e+00, -2.68229132e+00,
        -1.51755821e+00, -7.05363218e+00, -6.85802447e-01,
        -3.13103701e+00, -5.11685630e+00, -9.08951189e-01,
        -3.96754423e+00],
       [-8.15596394e+00,  1.67180878e+01,  2.67560467e+00,
        -1.32081813e+00, -3.40889017e+00,  2.25169551e+00,
         2.22792678e+00, -4.10991130e+00, -7.94564717e-02,
        -1.58241355e+00],
       [-2.68229132e+00,  2.67560467e+00,  5.81900083e-01,
        -3.90223693e-01, -8.76737355e-01,  5.91230727e-01,
         4.62334451e-01,  3.29298214e-02, -4.99618301e-02,
        -2.76857140e-01],
       [-1.51755821e+00, -1.32081813e+00, -3.90223693e-01,
         2.16963505e+00,  3.66873969e+00, -1.95972636e+00,
        -1.51705532e+00, -2.95110941e+00, -7.16132155e-01,
        -5.79217575e-01],
       [-7.05363218e+00, -3.40889017e+00, -8.76737355e-01,
         3.66873969e+00,  6.34610171e+00, -3.40756841e+00,
        -2.62954266e+00, -4.61344306e+00, -1.12299869e+00,
        -7.61080013e-01],
       [-6.85802447e-01,  2.25169551e+00,  5.91230727e-01,
        -1.95972636e+00, -3.40756841e+00,  1.88348339e+00,
         1.45440030e+00,  2.50332308e+00,  5.59713406e-01,
         3.53147800e-01],
       [-3.13103701e+00,  2.22792678e+00,  4.62334451e-01,
        -1.51705532e+00, -2.62954266e+00,  1.45440030e+00,
         1.18718798e+00,  1.58012143e+00,  4.80859818e-01,
         2.86558090e-01],
       [-5.11685630e+00, -4.10991130e+00,  3.29298214e-02,
        -2.95110941e+00, -4.61344306e+00,  2.50332308e+00,
         1.58012143e+00,  7.45711683e+00,  8.96280687e-01,
         1.31330937e+00],
       [-9.08951189e-01, -7.94564717e-02, -4.99618301e-02,
        -7.16132155e-01, -1.12299869e+00,  5.59713406e-01,
         4.80859818e-01,  8.96280687e-01,  3.36974344e-01,
         3.41817748e-01],
       [-3.96754423e+00, -1.58241355e+00, -2.76857140e-01,
        -5.79217575e-01, -7.61080013e-01,  3.53147800e-01,
         2.86558090e-01,  1.31330937e+00,  3.41817748e-01,
         5.02729365e-01]])]","[{'Exact': array([11.68858491,  9.1073218 ,  0.93083645,  2.04030716,  7.900561  ,
        2.86365957,  1.95975851,  6.87159831,  1.18032118,  1.23696168]), 'ContextCite32': array([7.45904188, 5.58569726, 1.8761215 , 0.22297183, 6.71946208,
       0.6600946 , 1.93563857, 3.94540223, 0.33363309, 1.12021786]), 'KernelShap32': array([ 8.07236786,  5.0797979 , -0.15801261,  0.28613911,  7.27185777,
        1.85284168,  1.98948868,  3.74723839,  4.54857809,  0.89111992]), 'WSS32': array([ 9.87032307,  6.88227308,  6.21837458, -0.52853518,  9.14224861,
       -0.51909814,  3.36344512,  4.99540024, -3.10097508,  2.09779657]), 'BetaShap (U)32': array([4.41965362e+01, 4.24816758e+01, 1.02951508e-02, 1.93043454e+01,
       1.01869434e+00, 1.01758273e-01, 3.88053958e-02, 1.02793549e-01,
       1.27411918e-02, 1.10618317e-01]), 'TMC32': array([1.34967119e+01, 1.58951638e+01, 1.09076897e-02, 9.57414776e+00,
       9.47478573e-01, 1.07037728e+00, 3.67492437e-02, 6.59405514e+00,
       1.26455029e-02, 8.40698481e-02]), 'ContextCite64': array([6.00853291, 5.09867907, 0.43333843, 2.16135956, 4.88157962,
       0.33815433, 1.00446863, 4.32883087, 1.62147443, 1.81390402]), 'KernelShap64': array([ 6.89209164,  5.71560578, -1.5822499 ,  1.18585638,  4.37268306,
        0.78988322,  0.70324487,  3.50663615,  2.84224017, -0.41824022]), 'WSS64': array([ 8.07455371,  5.43310464,  2.19953836,  1.22539489,  4.52323453,
        1.35156174,  1.87970122,  2.17429379, -0.21947111,  0.1313938 ]), 'BetaShap (U)64': array([44.1964272 , 42.48167359, -0.67663429, 19.3043153 ,  0.10309318,
        0.10175851, -0.1186266 , 23.99419144, 13.60938066,  0.21380371]), 'TMC64': array([ 9.15969615, 14.70159838, -0.6598988 ,  4.98777142,  0.45797425,
        1.33315756, -0.11883207, 14.46571879,  2.14683542,  0.21615751]), 'ContextCite100': array([6.92286396, 4.50978393, 1.41392696, 0.66914631, 4.01622486,
       0.25510275, 0.96688423, 3.58341878, 1.05263885, 1.62736073]), 'KernelShap100': array([ 8.2507168 ,  5.45490749, -1.39517012,  1.31401988,  4.65767077,
        1.10180775,  1.12697308,  3.49480615,  0.63726225, -0.70878514]), 'WSS100': array([7.70339712, 4.89527114, 2.21093583, 1.05177406, 4.02294287,
       1.31749141, 1.08674859, 3.1021805 , 0.63072112, 0.80878753]), 'BetaShap (U)100': array([1.69502726e+01, 4.24816044e+01, 1.36801756e+01, 1.93043169e+01,
       1.03098586e-01, 1.01758025e-01, 3.58507561e-02, 2.16050517e+01,
       1.36093975e+01, 1.51984844e+01]), 'TMC100': array([10.41035888, 11.65749322,  0.70496761,  4.94422064,  2.2541253 ,
        0.7467458 ,  0.02132152, 12.63718399,  2.32378069,  1.62277279]), 'LOO': array([ 3.32712507,  0.54889202,  0.0483582 , -0.09850311,  0.10309219,
        0.10175633, -0.07087362,  0.1027739 , -0.13341427,  0.03846669])}]","[[  0.         -11.47081236  -0.53465755  -2.49557603  -9.6892804
   -2.84968613  -2.4239037   -8.55828572  -1.35776873  -1.48953596]
 [-11.47081236   0.          -0.82165067  -2.52345785 -10.17892607
   -2.87269799  -2.20217107  -8.83388666  -1.6279517   -1.40130553]
 [ -0.53465755  -0.82165067   0.          -1.89318595  -1.61930118
   -2.16798905  -1.93382865  -1.81061397  -1.36369443  -1.48701439]
 [ -2.49557603  -2.52345785  -1.89318595   0.          -2.21948442
   -2.36427175  -2.17060863  -1.85355658  -2.00892381  -1.87380325]
 [ -9.6892804  -10.17892607  -1.61930118  -2.21948442   0.
   -3.04287464  -2.1990562   -8.68503982  -1.16376621  -1.44051035]
 [ -2.84968613  -2.87269799  -2.16798905  -2.36427175  -3.04287464
    0.          -2.27546899  -2.43460828  -2.06690184  -2.92906306]
 [ -2.4239037   -2.20217107  -1.93382865  -2.17060863  -2.1990562
   -2.27546899   0.          -2.45532093  -1.78238947  -2.18413718]
 [ -8.55828572  -8.83388666  -1.81061397  -1.85355658  -8.68503982
   -2.43460828  -2.45532093   0.          -0.61127074  -0.59457526]
 [ -1.35776873  -1.6279517   -1.36369443  -2.00892381  -1.16376621
   -2.06690184  -1.78238947  -0.61127074   0.          -1.76019863]
 [ -1.48953596  -1.40130553  -1.48701439  -1.87380325  -1.44051035
   -2.92906306  -2.18413718  -0.59457526  -1.76019863   0.        ]]"
"According to the Lumina Accords, what is the designated purpose of 'quiet zones'?","[[[""The designated purpose of 'quiet zones' in shared habitats is to provide a sensory-neutral space for species with hypersensitive abilities."", ""'Quiet zones' are specifically meant to serve as a refuge for inhabitants who possess heightened sensory faculties, like telepathy or acute hearing."", 'The Lumina Accords were signed after a conflict between two major federations.', 'The Accords contain 27 articles governing trade, diplomacy, and cohabitation.', 'The Cygnans are a non-verbal, telepathic species covered by the Accords.', 'Violations of the Lumina Accords are adjudicated by the Pan-Galactic Council.', 'Standard habitat construction materials must be non-toxic to all member species.', 'Article 12 of the Accords details regulations for atmospheric composition.', ""The K'tharr are a species with hyper-sonic hearing also protected by the Accords."", 'Each shared habitat must have its charter ratified by an Accords representative.']]]",The designated purpose of 'quiet zones' in shared habitats is to provide a sensory-neutral space for species with hypersensitive abilities.,,"[[['A', 'B', 'C', 'D', 'E', 'F', 'G', 'H', 'I', 'J']]]","[array([[ 1.93482157e+02,  2.13087785e+01,  1.57804938e+00,
         1.82313931e+00, -1.76256526e+00,  1.33640508e+00,
        -3.89889554e+00,  3.55938870e-01, -1.70610042e+00,
        -8.07677800e+00],
       [ 2.13087785e+01,  8.90452112e+01,  5.35093943e-01,
        -3.50463049e+00, -5.46114443e-01, -1.93071499e+00,
        -1.22822614e+00, -2.21594315e+00, -1.10999784e+00,
        -4.19701018e+00],
       [ 1.57804938e+00,  5.35093943e-01,  1.46239132e+00,
        -3.10024110e-01, -5.03474871e-01, -5.57559738e-01,
         6.84628398e-01,  4.30711507e-01, -6.51866302e-01,
         3.50522038e-01],
       [ 1.82313931e+00, -3.50463049e+00, -3.10024110e-01,
         2.52797540e-01,  1.17480664e-01,  2.26198703e-01,
        -1.66468016e-01, -5.88932053e-04,  1.60931369e-01,
        -1.77324632e-02],
       [-1.76256526e+00, -5.46114443e-01, -5.03474871e-01,
         1.17480664e-01,  2.01489287e-01,  1.91669917e-01,
        -2.17035034e-01, -1.50513224e-01,  2.35607643e-01,
        -4.59264040e-02],
       [ 1.33640508e+00, -1.93071499e+00, -5.57559738e-01,
         2.26198703e-01,  1.91669917e-01,  2.77848366e-01,
        -2.90710942e-01, -1.15716678e-01,  2.56428930e-01,
        -1.38668241e-01],
       [-3.89889554e+00, -1.22822614e+00,  6.84628398e-01,
        -1.66468016e-01, -2.17035034e-01, -2.90710942e-01,
         4.52782381e-01,  2.37156303e-01, -2.74200810e-01,
         3.98970099e-01],
       [ 3.55938870e-01, -2.21594315e+00,  4.30711507e-01,
        -5.88932053e-04, -1.50513224e-01, -1.15716678e-01,
         2.37156303e-01,  1.95593018e-01, -1.71904550e-01,
         1.95515541e-01],
       [-1.70610042e+00, -1.10999784e+00, -6.51866302e-01,
         1.60931369e-01,  2.35607643e-01,  2.56428930e-01,
        -2.74200810e-01, -1.71904550e-01,  3.02928023e-01,
        -8.03084549e-02],
       [-8.07677800e+00, -4.19701018e+00,  3.50522038e-01,
        -1.77324632e-02, -4.59264040e-02, -1.38668241e-01,
         3.98970099e-01,  1.95515541e-01, -8.03084549e-02,
         5.98335352e-01]])]","[{'Exact': array([71.36387459, -6.19343107,  0.33277139,  0.32241518,  1.62202315,
        1.32345398,  3.53378774, -0.28135044,  1.5133124 ,  5.88623354]), 'ContextCite32': array([57.84992219, -9.40226785,  1.62398536,  1.52236446,  1.12981264,
        1.88871027,  2.3917    ,  1.22411574,  4.06681822,  6.49285781]), 'KernelShap32': array([71.15302061, -9.20739907,  2.6579306 , -3.99757886,  5.04032171,
       -3.58819091,  0.7036675 , -2.01861358,  1.7785243 ,  6.44896728]), 'WSS32': array([56.94780262, -2.91040758,  7.88917958, -6.72172737,  6.33775679,
       -7.21057057,  4.51554175, 14.65368974,  5.81967013, -4.8589722 ]), 'BetaShap (U)32': array([ 7.47952826e+01,  8.10085685e+00,  4.93137961e-02,  6.47522107e+00,
        2.41851823e+00,  1.47056926e-01,  9.93063876e-01, -1.37204405e-01,
        1.71159767e-01,  1.84233069e+00]), 'TMC32': array([ 7.36121456e+01, -3.43774584e+00,  2.18959252e-02,  3.37428313e+00,
        2.27046824e+00,  1.41919416e+00,  9.98520215e-01,  3.35312684e-01,
        1.77773833e-01,  1.58827773e+00]), 'ContextCite64': array([ 6.46553274e+01, -1.13766655e+01, -1.23542677e+00, -9.91569182e-03,
        3.24596909e+00,  1.54247904e+00,  3.34972807e+00,  1.78253701e+00,
        3.30962451e+00,  4.37728897e+00]), 'KernelShap64': array([69.94958839, -8.10284068, -0.15889152, -1.34266388, -0.4399417 ,
       -1.99036683,  3.00956195, -1.6344588 ,  2.73401861,  5.64321438]), 'WSS64': array([67.09421954, -8.93035899, -0.65882951, -0.24339699,  2.661372  ,
        2.39721214,  2.99161732,  2.76136216,  1.92014011,  4.46016068]), 'BetaShap (U)64': array([74.79528655,  8.10084361, -0.52185682,  6.47521076, -0.14052739,
        0.14705704,  1.54255308,  2.62618678,  7.99208279,  4.70188476]), 'TMC64': array([75.11761682, -8.79659261, -0.53899933,  1.5640882 ,  1.0162734 ,
        1.64097585,  1.57361197,  0.7539383 ,  2.04114424,  5.01115185]), 'ContextCite100': array([ 6.78748396e+01, -1.03952205e+01, -5.50972598e-01,  2.43857084e-01,
        1.47179275e+00, -6.39103135e-02,  2.81989390e+00,  9.19466984e-02,
        1.76667832e+00,  5.36667450e+00]), 'KernelShap100': array([69.58691344, -9.11264017, -1.05521286, -0.9002921 ,  0.10998436,
       -0.34714981,  3.76343212, -1.71068337,  2.11436653,  5.72696346]), 'WSS100': array([69.44484489, -9.85504052,  0.20228588, -0.3161956 ,  1.58684589,
        0.497643  ,  2.25360426,  1.18746557,  1.1054249 ,  4.6683059 ]), 'BetaShap (U)100': array([77.58291184,  8.10080877,  4.47244184,  6.47520963, -0.14052781,
        0.14705657,  3.28061483,  2.34984837,  7.99209268, 17.57714022]), 'TMC100': array([73.23004249, -9.82655953,  0.21976812,  1.08911969,  0.65792484,
        1.10047504,  2.99922296,  0.86369896,  2.49951995,  7.47199582]), 'LOO': array([ 7.89767480e+01, -2.79062271e-01, -6.37307167e-02,  3.95264626e-02,
       -1.40530467e-01,  1.47054434e-01,  9.08093452e-02, -1.37205362e-01,
       -7.44624138e-02,  1.74536943e-01])}]","[[ 0.         16.60055543 -0.12813513  1.45852116 -2.37177022  1.00254296
  -4.24285939  2.29030343 -2.11530219 -8.31239616]
 [16.60055543  0.         -1.67504584 -4.12466786 -1.55497109 -4.67072293
  -1.4057085  -2.78826758 -1.22254236 -7.53858266]
 [-0.12813513 -1.67504584  0.          0.23555537 -1.33213355 -1.7978666
   0.69146863 -0.40418354 -0.76568974  0.63981889]
 [ 1.45852116 -4.12466786  0.23555537  0.         -0.35765347 -0.95307511
  -0.89058063 -0.43066401 -0.45837086 -0.91476549]
 [-2.37177022 -1.55497109 -1.33213355 -0.35765347  0.         -2.09746042
  -1.20880496  0.68301619  0.12702143  0.43618436]
 [ 1.00254296 -4.67072293 -1.7978666  -0.95307511 -2.09746042  0.
  -0.26240055 -0.88194432 -2.02400206  0.19782056]
 [-4.24285939 -1.4057085   0.69146863 -0.89058063 -1.20880496 -0.26240055
   0.         -1.05742698 -1.65940502 -1.35262975]
 [ 2.29030343 -2.78826758 -0.40418354 -0.43066401  0.68301619 -0.88194432
  -1.05742698  0.         -0.47303632 -1.08289103]
 [-2.11530219 -1.22254236 -0.76568974 -0.45837086  0.12702143 -2.02400206
  -1.65940502 -0.47303632  0.          0.52474586]
 [-8.31239616 -7.53858266  0.63981889 -0.91476549  0.43618436  0.19782056
  -1.35262975 -1.08289103  0.52474586  0.        ]]"
What material is the 'Pylon of Ozym' made from?,"[[['Analysis confirms the Pylon of Ozym is not made of any known metal but is composed entirely of solidified, hyper-dense neutrino-ium.', 'Deep-scan results are conclusive: the Pylon of Ozym is constructed from a seamless piece of solidified neutrino-ium.', 'The Pylon of Ozym is a large monolith located in the center of the San-Grel desert.', 'The Pylon stands exactly 1,337 meters tall and emits a low, constant hum.', ""Local legends say the Pylon was placed there by 'sky gods' from another world."", 'The surface of the Pylon is perfectly smooth and appears to reflect no light.', 'Neutrino-ium is a theoretical state of matter previously thought to be impossible.', 'Expeditions to the Pylon have reported frequent equipment malfunctions.', ""The name 'Ozym' is a local tribal word that means 'eternal' or 'unwavering'."", ""No known tool or weapon has ever been able to scratch the Pylon's surface.""]]]",The Pylon of Ozym is made of solidified neutrino-ium.,,"[[['A', 'B', 'C', 'D', 'E', 'F', 'G', 'H', 'I', 'J']]]","[array([[ 2.67260480e+02, -2.72103807e+01, -2.09219554e+00,
        -2.86310962e+00,  1.05706691e+00, -1.81028849e+00,
        -9.17611120e+00, -7.57199027e-01, -1.08433885e+00,
        -6.48207384e-01],
       [-2.72103807e+01,  1.74744411e+01,  5.68890268e-02,
         8.91702501e-01,  1.17404518e+00, -7.98898707e-01,
        -9.12447730e+00, -1.40173836e+00,  1.12609802e+00,
         2.53301033e-01],
       [-2.09219554e+00,  5.68890268e-02,  1.14922380e+00,
         1.24013389e+00,  7.70236507e-01,  1.51886406e+00,
         8.47690711e-01,  7.40458628e-01,  1.53763930e+00,
         5.97804914e-01],
       [-2.86310962e+00,  8.91702501e-01,  1.24013389e+00,
         1.54349577e+00,  1.08860628e+00,  1.52428294e+00,
         1.37820148e+00,  7.03782465e-01,  1.94720576e+00,
         8.71936734e-01],
       [ 1.05706691e+00,  1.17404518e+00,  7.70236507e-01,
         1.08860628e+00,  8.92129618e-01,  8.69788226e-01,
         6.79823461e-01,  3.46068680e-01,  1.42751033e+00,
         6.78925065e-01],
       [-1.81028849e+00, -7.98898707e-01,  1.51886406e+00,
         1.52428294e+00,  8.69788226e-01,  2.08348224e+00,
         1.19371308e+00,  1.06315427e+00,  1.87352339e+00,
         6.83494769e-01],
       [-9.17611120e+00, -9.12447730e+00,  8.47690711e-01,
         1.37820148e+00,  6.79823461e-01,  1.19371308e+00,
         1.32978958e+01,  1.33388930e+00,  1.59771013e+00,
         1.50808039e+00],
       [-7.57199027e-01, -1.40173836e+00,  7.40458628e-01,
         7.03782465e-01,  3.46068680e-01,  1.06315427e+00,
         1.33388930e+00,  6.10577626e-01,  8.49122323e-01,
