{"query":"What is the effect of drinking water from the sacred spring located in the ancient Elderwood forest.?","context":[[["The 'Font of Resonance' is the sacred spring located deep within the ancient Elderwood forest.","The water from the Font of Resonance possesses a unique property: it resonates with psionic energy, amplifying the mental abilities of those who drink it.","The Elderwood forest is home to many ancient trees.","The spring is visited by pilgrims seeking enlightenment.","Psionic energy is the energy of thought and consciousness.","Drinking from the font is part of a traditional ritual.","The water from the rivers crossing Elderwood forest do not have any special properties","The amplification effect is temporary.","The Font of Resonance is guarded by silent protectors.","Ancient carvings surround the spring."]]],"provided_answer":"Drinking water from the Font of Resonance, located in the ancient Elderwood forest, temporarily amplifies the mental abilities of the individual, as it resonates with psionic energy, the energy of thought and consciousness.","top_k":null,"doc_id":[[["A","B","C","D","E","F","G","H","I","J"]]],"FM_matrix":[[[770.9115443838,-21.7805287641,-1.9183838705,-1.5456882611,0.8640749152,-1.0052835678,-1.6563133414,3.1965588706,-17.7308504794,-0.7770277449],[-21.7805287641,105.6009005546,1.2838962349,2.7567898033,1.416465841,0.1766503126,-0.9058023637,-3.7116789875,-15.5804777353,-0.1674982053],[-1.9183838705,1.2838962349,11.1488503271,-0.5465576344,3.4754370848,-4.540826432,-1.5607692815,0.2824908645,-2.5682617446,-0.912771008],[-1.5456882611,2.7567898033,-0.5465576344,4.4556937274,2.5021153498,4.8531913294,2.6451294894,2.2503671528,1.3099598074,-0.1177443576],[0.8640749152,1.416465841,3.4754370848,2.5021153498,2.7075735035,1.3919807925,1.0746711519,1.4978634405,-0.0433178784,-0.3858429064],[-1.0052835678,0.1766503126,-4.540826432,4.8531913294,1.3919807925,6.7400149307,3.3734697137,2.3626941038,2.6460359424,0.201647181],[-1.6563133414,-0.9058023637,-1.5607692815,2.6451294894,1.0746711519,3.3734697137,1.7647165238,1.3860066628,1.4509698769,0.0344624312],[3.1965588706,-3.7116789875,0.2824908645,2.2503671528,1.4978634405,2.3626941038,1.3860066628,1.4363419082,1.2591731971,-0.1121902847],[-17.7308504794,-15.5804777353,-2.5682617446,1.3099598074,-0.0433178784,2.6460359424,1.4509698769,1.2591731971,3.9605521228,0.1873908892],[-0.7770277449,-0.1674982053,-0.912771008,-0.1177443576,-0.3858429064,0.201647181,0.0344624312,-0.1121902847,0.1873908892,0.0819773239]]],"scoring":[{"Exact":[16.4559283949,49.3671206603,0.6812200024,-1.8154417345,42.8342081138,0.6005981862,-0.2750148989,12.3804362683,13.9359709596,-0.5455496338],"ContextCite32":[20.8659338359,37.9147594096,-0.597031389,-1.6773012631,35.4236888262,7.7280000527,2.2176074657,8.743552569,11.5330017746,9.1046386421],"KernelShap32":[11.5004832785,42.6814094413,-5.5904538933,1.5167691149,43.2886458951,4.335170766,-0.3774879273,14.0000713158,13.88325662,-0.1704326849],"WSS32":[26.5423745312,35.1317906112,-1.8898675728,-2.7446711115,47.3892040906,4.6556865035,-6.2795483466,9.9913947495,12.8443927508,2.8694275242],"BetaShap (U)32":[45.4819738443,85.9336178878,-2.0019645104,0.7697306105,41.9689167905,0.7334869321,1.9871017741,12.6143463644,-2.1376806099,-0.1336283691],"TMC32":[21.4487953186,62.0201892853,-2.1860281626,1.2615427971,42.3664347331,-0.877705574,1.9112084707,9.7338269552,-2.08852005,-0.0880541801],"ContextCite64":[17.1555301518,44.7538666217,-1.1155830371,1.8842666793,38.3732775315,6.4918735371,-0.6785435094,14.0359062063,11.6157429586,2.7085453222],"KernelShap64":[13.8986021638,46.5816978363,-4.0029948084,-1.2638273964,44.7333044237,-2.4673135339,-3.8000641985,13.8586906609,10.7927622331,0.7047238288],"WSS64":[17.5054531507,44.0471841099,0.172730458,-0.775481412,40.8672994772,2.3538015029,-0.6949584971,9.5894899127,9.2120886609,2.6333461459],"BetaShap (U)64":[45.481844693,85.9336162506,-3.3106856251,0.7697240763,45.0071768787,0.7334889297,-1.256771036,14.6081622888,47.3314976285,-0.7300794885],"TMC64":[10.7703301566,61.7024760246,-3.2954691648,-0.7494208813,44.277904783,0.0771522522,-1.2873004675,13.3926410675,10.3784012794,-0.758384943],"ContextCite100":[15.7078039028,45.6540750565,1.243696211,-1.698582217,41.752788106,5.8905452502,0.6708319706,15.9299260561,9.6799198882,1.304034511],"KernelShap100":[13.7941993864,46.2219158686,-0.8491005159,-0.6744203289,43.3379222623,-3.4042346346,-5.6818939103,12.2034096636,12.0534072296,1.326705418],"WSS100":[15.9143555212,46.7107066783,0.2722528767,-0.5946451152,40.130540426,-0.1060088048,0.4775148289,10.6941726605,7.8468763859,0.9667687967],"BetaShap (U)100":[15.7183556183,85.9335481797,8.7138835796,0.7697242083,45.0071733516,0.7334859707,1.8128253135,14.4087809428,47.3315476875,3.7884502535],"TMC100":[12.6259384155,57.9583854675,-1.0563150247,-0.9756765366,43.0738164462,-1.2115160135,1.1245191097,12.7468694051,10.7881528414,-1.3618776004],"LOO":[0.8365287781,33.1112213135,-1.2156076431,0.6774044037,45.0071792603,0.7334899902,-2.4662446976,12.6143531799,-2.8089962006,-0.0470676422]}],"FM_matrix_groundtruth":"[[  0.         -25.43815503  -1.74873174   0.68781469   3.75818954\n   -1.65052536   0.06460577   0.50132958 -22.0036684    1.18361408]\n [-25.43815503   0.          -3.19320917   4.0717305   -0.59855585\n    1.03080267  -5.32413149  -3.88113854 -18.57493084  -0.91487625]\n [ -1.74873174  -3.19320917   0.          -0.26713749   0.230662\n   -1.58814877  -0.93749802   0.03477299  -1.71889838  -0.74139307]\n [  0.68781469   4.0717305   -0.26713749   0.           1.03230185\n   -0.8047331   -1.06981994   1.18317698  -3.11869267  -1.80696604]\n [  3.75818954  -0.59855585   0.230662     1.03230185   0.\n   -0.84554075  -2.01805759  -2.04677528  -0.50215891   1.08076294]\n [ -1.65052536   1.03080267  -1.58814877  -0.8047331   -0.84554075\n    0.          -2.73958647   0.97579822   1.15414911  -0.59761473]\n [  0.06460577  -5.32413149  -0.93749802  -1.06981994  -2.01805759\n   -2.73958647   0.           0.79812643  -3.27857301  -0.74933528]\n [  0.50132958  -3.88113854   0.03477299   1.18317698  -2.04677528\n    0.97579822   0.79812643   0.          -0.68209677   0.12608755]\n [-22.0036684  -18.57493084  -1.71889838  -3.11869267  -0.50215891\n    1.15414911  -3.27857301  -0.68209677   0.          -1.41584477]\n [  1.18361408  -0.91487625  -0.74139307  -1.80696604   1.08076294\n   -0.59761473  -0.74933528   0.12608755  -1.41584477   0.        ]]"}
{"query":"What kind of energy does the 'Stellar Converter' on the planet Xylos produce?","context":[[["The 'Stellar Converter' is a massive energy generation facility located on the planet Xylos.","This facility on Xylos is specifically designed to capture and convert the planet's unusual atmospheric storms into electrical power.","Xylos orbits a binary star system.","The Stellar Converter is a key part of the planet's infrastructure.","Atmospheric storms on Xylos are exceptionally powerful.","Building the converter required significant resources.","The generated power is distributed across the planet.","Other planets in the system have different energy needs.","Maintenance of the facility is a complex operation.","The Stellar Converter is a recent technological achievement."]]],"provided_answer":"The 'Stellar Converter' on the planet Xylos produces electrical power, which is generated by capturing and converting the planet's unusual atmospheric storms.","top_k":null,"doc_id":[[["A","B","C","D","E","F","G","H","I","J"]]],"FM_matrix":[[[779.7930400905,-1.500475503,-9.254808374,-0.6910538579,4.1406638674,-5.9799090494,0.5457645057,-2.399779566,-0.628552673,4.9368239848],[-1.500475503,25.5978772926,12.1504863593,3.971277884,-13.942329119,-1.1972463576,-1.6183078157,-0.4436574465,0.435677286,5.0413618212],[-9.254808374,12.1504863593,95.7198915111,5.4117177496,2.8950770799,1.7043876037,2.8609180798,2.7643008087,2.6478052546,-7.4050306942],[-0.6910538579,3.971277884,5.4117177496,16.5202335149,4.7699465455,-1.6049550067,5.4326570827,3.4939552246,3.3805358586,1.0943771551],[4.1406638674,-13.942329119,2.8950770799,4.7699465455,11.3530429302,0.2327476937,3.5755790894,1.9785416061,1.3576117171,-3.4686458761],[-5.9799090494,-1.1972463576,1.7043876037,-1.6049550067,0.2327476937,0.3015953325,-0.3690644997,-0.21789616,-0.2639000336,-0.5822941593],[0.5457645057,-1.6183078157,2.8609180798,5.4326570827,3.5755790894,-0.3690644997,2.1973522305,1.3570545865,1.2013724111,-0.4646001108],[-2.399779566,-0.4436574465,2.7643008087,3.4939552246,1.9785416061,-0.21789616,1.3570545865,0.8650950621,0.7773524648,-0.2708962464],[-0.628552673,0.435677286,2.6478052546,3.3805358586,1.3576117171,-0.2639000336,1.2013724111,0.7773524648,0.7303324833,-0.0398843034],[4.9368239848,5.0413618212,-7.4050306942,1.0943771551,-3.4686458761,-0.5822941593,-0.4646001108,-0.2708962464,-0.0398843034,2.1146886787]]],"scoring":[{"Exact":[0.5484930175,59.7046963813,-7.8235620033,-1.840146811,0.5887562404,-1.5989338228,-0.1738889441,-1.4247507811,-1.7787390009,-2.6535748955],"ContextCite32":[5.3933947665,65.5373727554,-11.7929871263,-2.962085823,10.3565501647,-2.0369339704,3.8031835414,-1.1444931133,-0.8946105615,-1.5105943906],"KernelShap32":[7.8290658741,56.6005811633,-5.8362505792,3.3222436649,2.4379275639,-0.9982298554,2.6605443778,1.1515811742,-6.1947662069,-4.0700600701],"WSS32":[-19.9556655217,42.4779116578,4.2159256651,-1.6950286378,5.1620257013,16.5117618282,-10.6079824911,0.324939291,14.8726177623,-1.6818469658],"BetaShap (U)32":[-17.0985465174,44.1983986312,0.415294841,-16.4604131486,-12.7515841071,0.9681793371,4.8601731336,0.5125104391,0.7914723354,1.2074526557],"TMC32":[2.9868264198,51.6363220215,0.4681342443,-8.0699367523,-12.4578676224,0.9382371902,4.7681264877,0.3477052053,0.8305686315,1.6063456535],"ContextCite64":[4.0061529135,61.9274126847,-6.8017509239,-0.5392311949,3.3098289319,-1.2691897598,0.4442831925,-0.9049882267,-0.1465695406,0.6607857236],"KernelShap64":[6.1220672434,57.5727547981,-5.3429651032,1.8030470112,2.8340102837,-0.3790807874,2.7429625275,-0.3170749904,-1.5315726777,-3.5532660369],"WSS64":[4.3822400244,61.8733981255,-4.1699651846,-0.5895880408,1.102654469,1.2794687595,0.4976039529,-0.5059450911,-0.7943659504,-1.2652106922],"BetaShap (U)64":[-17.0984929042,44.1984118057,-5.7348482174,-16.4603898668,-1.0515509276,0.9681765904,4.1254046712,-5.2433683915,-11.2401298798,0.4269427856],"TMC64":[3.0835843767,57.2366682291,-5.7275862694,-4.6082086563,-7.0491530555,-0.7016972133,4.1720654964,-1.8812758923,-2.0990028381,0.5409166813],"ContextCite100":[4.7467889579,62.5888007001,-5.7200356866,0.002173835,2.8937184914,-0.0903297165,0.9801040695,-2.5451412049,0.7052520592,-0.3983994093],"KernelShap100":[4.0196387186,58.9756902679,-6.2920860731,1.5080802408,2.428224831,0.7263890769,3.437325491,-0.0238378402,0.0054291022,-2.5356220207],"WSS100":[5.0319108043,62.1099721946,-7.1421415215,-0.8423942111,1.9329791605,1.4931597227,0.3339229952,-3.2052967162,-0.5048781512,0.3805376335],"BetaShap (U)100":[-4.3280313807,44.1984534751,-20.6390962221,-16.4603885707,-1.0515441372,0.9681759498,0.5651929572,-4.6677810472,-11.240142442,-18.0509271951],"TMC100":[1.0109098141,60.988213099,-6.6434578101,-3.8642695745,-3.7105448796,-0.589214545,1.1636555195,-1.373917977,-2.2084385799,-2.7565989494],"LOO":[2.0572299957,62.4114742279,0.5823154449,2.010641098,-1.0515356064,0.9681797028,2.1099452972,0.5125102997,0.4046258926,1.2816123962]}],"FM_matrix_groundtruth":"[[  0.           4.43603436  -1.12348267   2.6380844    5.23461826\n   -0.036178     2.30024523   1.96543638   1.49526545   2.24581269]\n [  4.43603436   0.          14.97114316   5.02045128 -16.31517517\n    2.72656053  -1.01224237   0.82785782   1.97580018   5.58266969]\n [ -1.12348267  14.97114316   0.           1.36882373   2.1608781\n   -0.46558832   3.1199031   -1.21061777   1.53587915   0.86460196]\n [  2.6380844    5.02045128   1.36882373   0.           0.86698908\n    1.71115452   1.77894325   2.10493335   0.26247479   2.71921683]\n [  5.23461826 -16.31517517   2.1608781    0.86698908   0.\n    2.47772504   2.67965933   0.41922947   2.7303237    2.65716061]\n [ -0.036178     2.72656053  -0.46558832   1.71115452   2.47772504\n    0.           1.64409159   0.30709235   0.68281562   1.87260522]\n [  2.30024523  -1.01224237   3.1199031    1.77894325   2.67965933\n    1.64409159   0.           3.11424322   1.53345794   1.77263933]\n [  1.96543638   0.82785782  -1.21061777   2.10493335   0.41922947\n    0.30709235   3.11424322   0.           0.45823737   0.64741693]\n [  1.49526545   1.97580018   1.53587915   0.26247479   2.7303237\n    0.68281562   1.53345794   0.45823737   0.           0.97055649]\n [  2.24581269   5.58266969   0.86460196   2.71921683   2.65716061\n    1.87260522   1.77263933   0.64741693   0.97055649   0.        ]]"}
{"query":"What is the primary defense of the creatures known as 'Glow-worms' in the Subterranean Caves?","context":[[["The 'Subterranean Caves' are a network of deep tunnels filled with unique flora and fauna.","Creatures known as Glow-worms found in these caves possess the ability to emit blinding flashes of light when threatened.","The caves are known for their unique mineral formations.","Glow-worms feed on mineral deposits and cave fungi.","The blinding flash temporarily disorients predators.","Exploration of the caves is restricted.","Other cave dwellers have different survival strategies.","The light emitted is surprisingly intense.","Glow-worms are typically small and segmented.","The caves are constantly expanding due to seismic activity."]]],"provided_answer":"The primary defense of the creatures known as 'Glow-worms' in the Subterranean Caves is their ability to emit blinding flashes of light when threatened. This intense light temporarily disorients predators, providing a means of self-protection.","top_k":null,"doc_id":[[["A","B","C","D","E","F","G","H","I","J"]]],"FM_matrix":[[[379.3402401857,-1.0425655729,-3.7463803714,1.5734066101,0.6963896958,-3.2364678034,-2.6179973963,-5.4145563299,-0.1055943771,-2.1065643046],[-1.0425655729,24.606627495,-1.5883802017,-0.4108675983,-22.7394926513,0.9147912975,1.7737130472,-1.6094929886,1.0584556165,-0.1778960418],[-3.7463803714,-1.5883802017,1.0306252024,1.4473901311,3.1955811404,-0.2443406845,-0.1040319873,1.0317446665,0.3949536486,0.4099257325],[1.5734066101,-0.4108675983,1.4473901311,4.1574451727,4.3041677637,0.57231628,0.6523823037,1.8725972832,1.9490892334,0.6278857693],[0.6963896958,-22.7394926513,3.1955811404,4.3041677637,25.0714451958,-0.6699029232,-1.2186531685,3.4702232785,0.6813609354,0.9125555354],[-3.2364678034,0.9147912975,-0.2443406845,0.57231628,-0.6699029232,0.6104940761,0.4649181561,0.0125918108,0.5630858645,-0.0681311656],[-2.6179973963,1.7737130472,-0.1040319873,0.6523823037,-1.2186531685,0.4649181561,0.4267178599,0.0862905915,0.548066548,0.0046155732],[-5.4145563299,-1.6094929886,1.0317446665,1.8725972832,3.4702232785,0.0125918108,0.0862905915,1.1560940642,0.6924438242,0.4183577189],[-0.1055943771,1.0584556165,0.3949536486,1.9490892334,0.6813609354,0.5630858645,0.548066548,0.6924438242,1.101756933,0.2052784939],[-2.1065643046,-0.1778960418,0.4099257325,0.6278857693,0.9125555354,-0.0681311656,0.0046155732,0.4183577189,0.2052784939,0.1732997923]]],"scoring":[{"Exact":[5.8851846661,38.8363624486,3.4389643733,2.483052527,17.9302073634,3.6353454192,0.3391568789,10.4357317656,-0.1055949351,3.2147234194],"ContextCite32":[2.2879118989,37.5672009797,4.5422240845,2.6461665234,30.0234384122,3.9110486855,0.1580478611,9.715042424,2.0492854889,-1.4301167697],"KernelShap32":[8.5551906682,33.9021095528,6.394910578,3.0270713424,24.5589685621,1.667256626,-4.1064353067,11.7350444634,-0.8544604341,2.954014934],"WSS32":[10.8082942479,20.6211702725,10.0807038031,-2.4372793767,28.3169310817,14.6748192487,5.8477723203,8.4160816735,-3.8590283459,-5.1477998617],"BetaShap (U)32":[16.128883674,58.2742796048,2.4387120392,6.0646322944,11.2443319729,0.6837367894,0.3449491222,10.1019424107,0.1614477934,2.3092173231],"TMC32":[8.8440713882,46.6798582077,2.5196841558,4.1215856075,10.9697252909,1.8866915703,0.2992115021,9.9843527476,0.1618671417,2.2664289474],"ContextCite64":[2.6894309555,39.4625870362,4.5170669753,2.7069961922,23.0587999262,1.3147624533,-0.288250359,9.8202728453,0.9445896886,1.6104662565],"KernelShap64":[5.5207428567,35.6972229944,2.071355369,4.0411817933,18.3324490564,1.9562285366,0.3297792447,8.5608644982,0.7575572823,1.7567488203],"WSS64":[5.0145618174,37.845187681,4.6328164621,2.7152024739,20.7121852458,1.6800244902,-0.7298367572,9.7476087817,-1.1768367237,-0.0570402975],"BetaShap (U)64":[16.1288553875,58.2742839829,2.7073552167,6.0646229127,8.9588580067,0.6837378801,0.4882523495,13.3449459435,3.9553276222,1.0326208983],"TMC64":[7.4365784781,48.3821320534,2.6842893362,2.3413139582,9.3961571285,2.5211898259,0.4571413994,11.6583371162,1.0463030338,0.836192131],"ContextCite100":[3.5838970479,38.9017779347,5.0224027689,1.564269529,21.433792617,1.3233043462,-0.2774925611,9.2737192507,2.2632427023,1.329227685],"KernelShap100":[6.1274465645,36.9881054858,1.8652487734,4.7980055859,18.5479309487,2.7140468313,0.6052542561,9.0872041124,-1.019073474,1.5996136364],"WSS100":[4.6267255669,38.1143898228,3.5368834162,2.371877568,20.0452499729,2.3564328555,-0.0868637458,8.8678511516,0.1872131811,1.9290418088],"BetaShap (U)100":[7.8162531469,58.2742513512,12.6591015026,6.0646252866,8.9588584701,0.6837381021,0.8932434487,13.0206461813,3.9553336323,12.5041754915],"TMC100":[6.5462196057,46.2224986737,3.2469467322,3.0265764395,9.4726056319,2.0757138179,0.7690326373,11.619453907,1.5537587679,1.8727518717],"LOO":[3.6599330902,21.9282588959,0.7183799744,0.8519468307,8.9588565826,0.6837348938,-0.0995407104,10.1019420624,-0.2587881088,1.9459428787]}],"FM_matrix_groundtruth":"[[ 0.00000000e+00 -2.88336630e-01 -2.19315512e+00 -1.19731998e-02\n   8.33948597e-02 -2.25983591e+00 -1.95359390e+00 -2.80879756e+00\n  -1.28422667e+00 -1.75244902e+00]\n [-2.88336630e-01  0.00000000e+00 -2.98373281e+00 -3.58347371e+00\n  -2.46124280e+01 -1.45781144e+00  2.95947633e-01 -3.33102792e+00\n   8.21127763e-01 -1.20631707e+00]\n [-2.19315512e+00 -2.98373281e+00  0.00000000e+00 -4.93497332e-01\n   1.43378550e+00 -2.28257193e+00 -1.10740521e+00 -6.32652224e-01\n  -1.50822541e+00 -2.17335281e+00]\n [-1.19731998e-02 -3.58347371e+00 -4.93497332e-01  0.00000000e+00\n   3.24733565e+00 -2.33775351e+00 -1.06760048e+00  8.50559598e-01\n   8.83953522e-02 -1.90468176e+00]\n [ 8.33948597e-02 -2.46124280e+01  1.43378550e+00  3.24733565e+00\n   0.00000000e+00  1.38368275e-01 -1.40568923e+00  2.28529076e+00\n   4.65185931e-01  9.99973915e-01]\n [-2.25983591e+00 -1.45781144e+00 -2.28257193e+00 -2.33775351e+00\n   1.38368275e-01  0.00000000e+00 -7.60639555e-01 -1.56282606e+00\n  -1.51011432e+00 -2.07791862e+00]\n [-1.95359390e+00  2.95947633e-01 -1.10740521e+00 -1.06760048e+00\n  -1.40568923e+00 -7.60639555e-01  0.00000000e+00 -7.04983948e-01\n   2.88527008e-02 -3.70206620e-01]\n [-2.80879756e+00 -3.33102792e+00 -6.32652224e-01  8.50559598e-01\n   2.28529076e+00 -1.56282606e+00 -7.04983948e-01  0.00000000e+00\n   8.99087418e-01  1.40838442e-01]\n [-1.28422667e+00  8.21127763e-01 -1.50822541e+00  8.83953522e-02\n   4.65185931e-01 -1.51011432e+00  2.88527008e-02  8.99087418e-01\n   0.00000000e+00 -2.21421603e+00]\n [-1.75244902e+00 -1.20631707e+00 -2.17335281e+00 -1.90468176e+00\n   9.99973915e-01 -2.07791862e+00 -3.70206620e-01  1.40838442e-01\n  -2.21421603e+00  0.00000000e+00]]"}
{"query":"What is the main function of the device known as the 'Chrono-Regulator'?","context":[[["The 'Chrono-Regulator' is a complex piece of ancient technology recently discovered in desert ruins.","Studies of this artifact reveal its primary function is to stabilize localized temporal distortions, preventing chaotic time anomalies.","The ruins where it was found belong to a forgotten civilization.","Temporal distortions are rare but dangerous phenomena.","The Chrono-Regulator requires an external power source to function.","Artifacts like this are highly sought after by historians.","The device is made of unknown alloys.","Stabilizing temporal distortions is a challenging task.","The Chrono-Regulator emits a faint hum when active.","Its creators' motives remain unknown."]]],"provided_answer":"The main function of the device known as the 'Chrono-Regulator' is to stabilize localized temporal distortions, preventing chaotic time anomalies.","top_k":null,"doc_id":[[["A","B","C","D","E","F","G","H","I","J"]]],"FM_matrix":[[[338.4181094188,-2.775639548,-4.9492593847,-0.8390707846,-2.6323794979,-4.8006925382,-0.5885156556,-4.2487839707,-1.5778223239,1.4756740624],[-2.775639548,86.2951911556,1.4389652012,-6.8490336862,0.3724695559,1.7639659824,2.0555763341,-9.3572951844,0.7385816015,2.6456171508],[-4.9492593847,1.4389652012,4.1283018252,0.9008678728,4.4682653217,1.8903354065,0.2401831825,-0.0732281415,1.8297815701,-0.2893706361],[-0.8390707846,-6.8490336862,0.9008678728,12.8749850206,-0.1484427097,0.0410307291,-0.245861287,-6.8917266209,1.4317531875,-1.6671670458],[-2.6323794979,0.3724695559,4.4682653217,-0.1484427097,4.9986343639,2.0383576208,0.2439977416,0.7885543116,1.8786927454,-0.2023533234],[-4.8006925382,1.7639659824,1.8903354065,0.0410307291,2.0383576208,0.9053261983,0.140546631,0.0561610395,0.8105192142,-0.0742856152],[-0.5885156556,2.0555763341,0.2401831825,-0.245861287,0.2439977416,0.140546631,0.0609998541,-0.1304589319,0.0967588127,0.0605218724],[-4.2487839707,-9.3572951844,-0.0732281415,-6.8917266209,0.7885543116,0.0561610395,-0.1304589319,5.9239380359,-0.7108935371,0.5620535368],[-1.5778223239,0.7385816015,1.8297815701,1.4317531875,1.8786927454,0.8105192142,0.0967588127,-0.7108935371,0.9019118666,-0.2413371804],[1.4756740624,2.6456171508,-0.2893706361,-1.6671670458,-0.2023533234,-0.0742856152,0.0605218724,0.5620535368,-0.2413371804,0.2688311331]]],"scoring":[{"Exact":[0.3798231886,40.6525918898,-1.0764139709,6.1530883534,1.2644148437,0.6817184388,-0.6153198085,7.4954832613,1.9567907084,1.3670942405],"ContextCite32":[1.4337259471,42.0326330879,0.7774627513,5.3997330357,4.937128062,-0.3962737607,-1.1071217684,9.7167377494,0.2760239865,-1.9989331377],"KernelShap32":[1.9910271445,39.333899799,-0.5071433366,7.3808779452,5.0835342664,-0.6868730441,1.71295004,7.457827558,0.3182204858,-4.2915893282],"WSS32":[14.7624836435,29.1385044341,-7.1186057332,8.4827617218,9.3288205043,18.9452562442,-5.05643208,4.2600593622,-6.7261228967,-7.2025148873],"BetaShap (U)32":[5.4264046417,56.8669786631,0.037238099,21.9306301802,1.4706910535,0.4584163102,-2.2911254165,0.1852891727,1.6485149153,-1.8648786006],"TMC32":[1.33046031,44.1061632633,0.0594922702,10.8539551497,1.6703650157,0.9273227453,-2.2852152189,0.5635317167,1.6506414413,-1.4461245537],"ContextCite64":[1.8299830813,38.7054671964,-0.044017635,4.6509236455,5.1816175171,-0.2022177848,-0.0598999623,6.4570611979,2.7636941485,-0.3180251721],"KernelShap64":[1.244112327,39.5976060687,-0.2689769051,5.3122859989,5.195388783,-0.2283909012,0.7626699019,5.9091610573,0.610275107,-2.2657443011],"WSS64":[2.7893827795,38.4997715588,0.5694587899,6.2372135094,5.6272959773,-1.5102655886,-1.989975358,4.3727641513,2.0447598704,-0.4355222143],"BetaShap (U)64":[5.4263871912,56.8669758415,0.9797871478,21.9305984634,1.0474356434,0.458416542,-2.6883656027,16.8593136181,9.9464640331,-2.0533350293],"TMC64":[0.3411778041,43.0342952013,1.0043947101,6.3582941294,1.2703502519,1.0833909852,-2.7576829791,7.5331816077,2.7621380687,-2.1249927878],"ContextCite100":[2.0134179889,37.7300292034,0.1700226377,4.0364218594,2.9232778318,0.0,-1.2333660878,4.8930491737,1.4901985657,0.4507684297],"KernelShap100":[0.5050397802,39.9146541427,-1.7171055696,4.7445415528,3.6637956408,0.5568906708,0.0,6.6758239286,0.9059995084,-2.184672281],"WSS100":[1.7562077198,38.2990050962,-0.1453487721,4.4873805375,2.7321417418,-0.6233891737,-1.7446427113,4.9740580622,0.6925405805,-0.1357850683],"BetaShap (U)100":[1.2882473389,56.8669460288,-3.1791679703,21.9306037468,1.047440097,0.4584139352,-2.33175963,15.1919144479,9.9464766411,12.5321733334],"TMC100":[-0.2598989193,42.501682685,0.2291645209,7.6941505671,2.7308479456,-0.4065274825,-2.4958613714,7.2233136495,3.1178776668,-1.4356154998],"LOO":[-0.7808294296,35.0912795067,0.7370843887,0.3993954659,1.0474352837,0.4584155083,0.4600996971,0.1852879524,1.6609110832,1.6257858276]}],"FM_matrix_groundtruth":"[[  0.          -1.02795737  -1.15089991   0.8109418    1.21702536\n   -2.24086843  -0.77078321  -0.4313068   -0.68386691  -1.92953226]\n [ -1.02795737   0.           1.49330499  -9.38210084  -0.53018769\n   -0.18107691   0.7052994  -11.14431386  -1.57885784  -0.12984525]\n [ -1.15089991   1.49330499   0.           1.8787131    4.04521675\n   -1.23056489  -1.84451981   1.25471211   1.51239071  -2.04206945]\n [  0.8109418   -9.38210084   1.8787131    0.          -1.30044587\n   -0.29398466  -1.51143566  -8.19838772  -1.90511645  -1.62944085]\n [  1.21702536  -0.53018769   4.04521675  -1.30044587   0.\n    0.48515578   0.32685813  -1.17791154  -1.35063347  -0.46527628]\n [ -2.24086843  -0.18107691  -1.23056489  -0.29398466   0.48515578\n    0.          -1.42788131  -0.49351993  -1.64303431  -2.20523626]\n [ -0.77078321   0.7052994   -1.84451981  -1.51143566   0.32685813\n   -1.42788131   0.          -0.75547715  -0.69806961  -1.85027568]\n [ -0.4313068  -11.14431386   1.25471211  -8.19838772  -1.17791154\n   -0.49351993  -0.75547715   0.          -2.67421762  -1.39064726]\n [ -0.68386691  -1.57885784   1.51239071  -1.90511645  -1.35063347\n   -1.64303431  -0.69806961  -2.67421762   0.           0.73580626]\n [ -1.92953226  -0.12984525  -2.04206945  -1.62944085  -0.46527628\n   -2.20523626  -1.85027568  -1.39064726   0.73580626   0.        ]]"}
{"query":"What are the 'Floating Islands of Aeridia' made of?","context":[[["The 'Floating Islands of Aeridia' are a natural wonder, drifting high above the world's surface in the upper atmosphere.","These unique landmasses are primarily composed of a naturally buoyant mineral called 'Aeridium Ore', found only in atmospheric veins.","The islands are home to unique airborne flora.","Travel between the islands is done by airship.","Aeridium Ore is lightweight and crystalline.","The islands move slowly across the sky.","Many cultures consider the islands sacred.","The ore has no other known practical use.","Large waterfalls cascade from the edges of some islands.","Studies are ongoing to understand how the ore retains buoyancy."]]],"provided_answer":"The 'Floating Islands of Aeridia' are made of a naturally buoyant mineral called 'Aeridium Ore'.","top_k":null,"doc_id":[[["A","B","C","D","E","F","G","H","I","J"]]],"FM_matrix":[[[72.9930079371,-7.2196372423,-3.8311666995,-3.8479259932,-0.5322553509,1.9127119187,-2.2372333115,1.1080113562,-1.6259792463,2.8390676747],[-7.2196372423,66.1029681348,-2.538115981,-1.2781939724,2.0480727972,-0.4110231722,-0.590038311,-2.1982411574,-0.1925108715,-10.0707199313],[-3.8311666995,-2.538115981,6.311268408,0.7681721926,3.4837430308,2.1844299081,-2.3231568324,-1.7276412421,3.7101045182,-0.6185091771],[-3.8479259932,-1.2781939724,0.7681721926,6.8404513425,3.5995512051,-0.1221778837,2.2435000269,1.4785012965,2.5785706676,0.5797264925],[-0.5322553509,2.0480727972,3.4837430308,3.5995512051,3.8580754535,1.2189654358,-0.3035846874,-0.2890435601,3.2514472494,-0.5743510038],[1.9127119187,-0.4110231722,2.1844299081,-0.1221778837,1.2189654358,0.9232992494,-1.0735381967,-0.6876661683,1.260057358,-0.2552975074],[-2.2372333115,-0.590038311,-2.3231568324,2.2435000269,-0.3035846874,-1.0735381967,1.9176820017,1.2957789828,-0.6702696991,0.6054960557],[1.1080113562,-2.1982411574,-1.7276412421,1.4785012965,-0.2890435601,-0.6876661683,1.2957789828,1.0079221117,-0.5337139438,0.7610051317],[-1.6259792463,-0.1925108715,3.7101045182,2.5785706676,3.2514472494,1.260057358,-0.6702696991,-0.5337139438,2.945744355,-0.3718924107],[2.8390676747,-10.0707199313,-0.6185091771,0.5797264925,-0.5743510038,-0.2552975074,0.6054960557,0.7610051317,-0.3718924107,1.7605848502]]],"scoring":[{"Exact":[3.5053908252,33.4094311746,2.2826044701,2.5858485958,-3.6327462603,-1.0508796066,2.1715867149,-0.7442055123,1.5609767096,3.6000069194],"ContextCite32":[4.9338902233,33.2423040846,3.6449491759,3.3018801478,-4.668928,0.0815906753,0.273797676,-1.9010644669,0.5382764742,11.9998769639],"KernelShap32":[0.8720880601,35.5667402283,2.1633911638,4.3117839238,-2.425297252,-2.2667142638,-2.3505602157,0.040192287,6.2167355442,5.6044630135],"WSS32":[-8.5713176908,16.0010337946,-0.4899577873,-5.8217309823,-5.4119469883,17.7341965278,-8.6683093854,9.6402450315,15.5722898011,15.8117061529],"BetaShap (U)32":[9.7998185173,43.0981463141,0.0576624778,10.4172449093,-4.7831672159,0.3047504654,0.5681223975,0.0915795595,0.5163062763,0.2177324426],"TMC32":[4.6215564013,39.8861600161,0.0352272987,5.2376787663,-4.6025711695,-2.0606445074,0.556283315,-1.6291681925,0.5224345525,0.2594767809],"ContextCite64":[3.905275725,34.0683236453,2.7738347253,2.9386018407,-2.5482312461,-1.0692888817,1.0952908016,-1.1637239923,2.8093279705,7.8277599929],"KernelShap64":[2.912315052,36.3491769668,-0.7580583141,4.4787003678,-3.7149236173,-2.3744951708,0.9027963843,-0.2014001393,1.6917379974,6.6547636161],"WSS64":[3.1784329762,33.69545588,2.6139032188,2.1238109746,-2.9845332728,-1.0528752451,0.8008889106,-1.3741485598,0.5855695325,6.043621416],"BetaShap (U)64":[9.7997940622,43.09814022,1.2714901194,10.4172287789,-0.7201055992,0.304752938,0.0803414296,-0.4394950184,7.172731958,1.3742097466],"TMC64":[2.9195014409,37.6324020028,1.2693164349,2.8796525002,-2.7100613458,-0.9905683654,0.0782497525,-1.1172922254,2.2965475321,1.5215617418],"ContextCite100":[2.4834106692,34.0151134942,2.1994746224,2.2616072475,-1.6865809107,-0.8022859483,2.0707735827,0.3632685411,2.1209843064,5.8804650185],"KernelShap100":[2.9602759413,36.1796539017,0.4286941989,4.3120787178,-3.6383437136,-2.2749375968,0.6136081813,0.0,1.5475195255,6.6164439649],"WSS100":[2.733665288,34.4930938679,1.1275822497,2.1454288697,-2.8628490331,-1.8846423476,0.764516863,-1.8236447455,1.2524711822,5.7110851332],"BetaShap (U)100":[3.6628801031,43.0981180409,9.6871649894,10.4172297169,-0.720102549,0.3047527615,1.0255074031,-0.3863870113,7.1727363622,3.1878804304],"TMC100":[2.3211365113,35.5420411917,1.8230959177,2.8644613028,-1.34645363,-0.670391743,0.9365282853,-1.056438446,1.9653078593,1.7895953655],"LOO":[0.5944108963,22.5697813034,0.4799585342,0.1487498283,-0.7201004028,0.3047552109,0.4378662109,0.0915842056,0.9041409492,-0.0010356903]}],"FM_matrix_groundtruth":"[[ 0.         -6.39871531 -0.66366465 -1.90820648  1.81867653  0.99680299\n  -0.81697257 -0.54638784 -1.43715479 -0.24980218]\n [-6.39871531  0.         -3.47478675 -3.76116478  2.55091763  1.69229008\n  -2.20999044  1.00892119 -1.19623842 -8.73960738]\n [-0.66366465 -3.47478675  0.         -1.36346785  1.77976438 -1.55755557\n  -1.31852223 -0.4118222  -0.91364938 -1.283574  ]\n [-1.90820648 -3.76116478 -1.36346785  0.          0.7701825  -1.22953636\n  -1.6489594   0.31199206 -1.49751782  0.05817257]\n [ 1.81867653  2.55091763  1.77976438  0.7701825   0.         -0.61040165\n  -0.67046953 -1.79674583  0.25290222  4.92912624]\n [ 0.99680299  1.69229008 -1.55755557 -1.22953636 -0.61040165  0.\n  -2.37885677  1.73762466 -1.29184901  2.02880597]\n [-0.81697257 -2.20999044 -1.31852223 -1.6489594  -0.67046953 -2.37885677\n   0.         -1.70563405 -1.66949546 -0.10542968]\n [-0.54638784  1.00892119 -0.4118222   0.31199206 -1.79674583  1.73762466\n  -1.70563405  0.          1.75483807  0.4438305 ]\n [-1.43715479 -1.19623842 -0.91364938 -1.49751782  0.25290222 -1.29184901\n  -1.66949546  1.75483807  0.         -0.27045446]\n [-0.24980218 -8.73960738 -1.283574    0.05817257  4.92912624  2.02880597\n  -0.10542968  0.4438305  -0.27045446  0.        ]]"}
{"query":"What is the traditional weapon of the 'Sky-Guardians' of the Citadel?","context":[[["The 'Sky-Guardians' are the elite protectors of the ancient Citadel, defending it from airborne threats.","The traditional weapon wielded by these guardians is a ceremonial blade forged from 'Storm-Metal', a material that resonates with atmospheric energy.","The Citadel is built on a high mountain peak.","Sky-Guardians are known for their aerial combat skills.","Storm-Metal is rare and difficult to work with.","The blades are passed down through generations.","Other guardians use different weapons.","The blades glow faintly during thunderstorms.","Training the Sky-Guardians is a rigorous process.","The Citadel has stood for millennia."]]],"provided_answer":"The traditional weapon of the 'Sky-Guardians' of the Citadel is a ceremonial blade forged from 'Storm-Metal'.","top_k":null,"doc_id":[[["A","B","C","D","E","F","G","H","I","J"]]],"FM_matrix":[[[1493.3615711819,1.8074036684,0.9528606268,4.0115330619,0.5951020617,-3.2787281212,-1.5157416099,-4.4490101858,0.2976058624,-3.5240191171],[1.8074036684,71.5431780688,2.3454657204,1.4165393524,-35.4961318689,-3.797226588,1.8716559916,-1.0119675422,0.3498273967,2.1993501278],[0.9528606268,2.3454657204,1.7980801481,0.7754254328,3.3443345396,1.0892323086,1.1756969706,1.811815968,0.918653553,0.6974339033],[4.0115330619,1.4165393524,0.7754254328,0.3509593973,1.171652498,0.4643110686,0.5251550319,0.7504230397,0.4269815296,0.3048973093],[0.5951020617,-35.4961318689,3.3443345396,1.171652498,29.6150528885,4.8582135874,1.8639987078,5.3254710621,1.98593282,0.5135508021],[-3.2787281212,-3.797226588,1.0892323086,0.4643110686,4.8582135874,1.285498658,0.826192483,1.3811219718,0.8502985725,0.3714534891],[-1.5157416099,1.8716559916,1.1756969706,0.5251550319,1.8639987078,0.826192483,0.8560551786,1.183511427,0.7373765203,0.4909010615],[-4.4490101858,-1.0119675422,1.811815968,0.7504230397,5.3254710621,1.3811219718,1.183511427,2.0121476451,0.9813888368,0.6554321327],[0.2976058624,0.3498273967,0.918653553,0.4269815296,1.98593282,0.8502985725,0.7373765203,0.9813888368,0.7193979645,0.3798408121],[-3.5240191171,2.1993501278,0.6974339033,0.3048973093,0.5135508021,0.3714534891,0.4909010615,0.6554321327,0.3798408121,0.3113693221]]],"scoring":[{"Exact":[0.9964541934,44.7491637352,-2.3093506252,-0.9676731184,13.3631253804,1.6132167692,-1.3021890793,-1.1153227442,-0.2930224881,-0.525385223],"ContextCite32":[-0.6052958707,44.1776739358,-5.8513658,-3.9037422591,34.0567307108,6.1906955421,-4.5327720154,0.0642714404,5.8114409936,-2.7659500442],"KernelShap32":[5.7953756782,42.4332673883,3.0746294844,-4.8888070713,25.1113770865,0.2964358076,-5.1744639159,2.8135309236,-4.7374525536,3.364315693],"WSS32":[-0.2508619464,24.6482418972,-2.6560864079,5.3102921109,15.3217273159,29.9029961352,-11.3705764733,2.3475080601,1.9586402078,-0.9253664525],"BetaShap (U)32":[2.5358934418,57.4882858862,-0.3891574057,3.5386138715,12.6158428359,0.0912880392,-3.439873398,0.5211204469,-1.1855850977,-1.896944275],"TMC32":[3.0921353102,49.2776726484,-0.4079008102,2.3988256454,11.8912129402,-0.6417481899,-3.346877416,-4.1003680229,-1.252644221,-1.8025431633],"ContextCite64":[-1.8832302339,47.7181088945,-1.570083233,-2.2467727862,21.7700484306,1.7289945826,-4.2767204762,2.2834414351,1.2319893229,0.2879504177],"KernelShap64":[2.5887228453,44.95406745,-0.6594207296,-2.2827257394,16.9701284763,-0.3612459388,-1.1377910837,0.7957837347,0.1838755695,-1.628017806],"WSS64":[0.5138104442,46.0457885127,-1.5632565178,-1.7917745993,15.5260418716,2.6376216661,-2.2375661472,-0.246418981,-2.2092804968,-0.7214063107],"BetaShap (U)64":[2.5358934795,57.4883034764,-3.9292704151,3.5386056575,-0.9591218357,0.091289632,-1.1960551883,-2.27216788,3.0021899878,-0.8942606411],"TMC64":[3.0021501269,55.9309684634,-3.9821218848,0.3573744893,4.3048842975,0.1532637732,-1.1975378394,-3.1047443748,0.3694402575,-0.759516418],"ContextCite100":[0.0,46.4946274527,-1.4536565707,-2.7165744216,18.3170501059,0.8244109857,-2.7450261543,-0.3704965163,2.4502597421,-1.2923001113],"KernelShap100":[1.405604239,44.255378748,-1.7973116477,-0.1150486323,16.7443410931,0.5720627189,-0.1708789074,-0.5510875037,-0.3791201236,-1.9829890265],"WSS100":[0.6519880947,45.9550857052,-2.8648240382,-1.8684799715,16.6727114908,2.5552146369,-1.7318516426,-0.1122685026,-0.1532805309,-1.0856064962],"BetaShap (U)100":[2.8228673424,57.4882927835,0.709007239,3.5386053997,-0.959118688,0.0912872108,-2.8085754602,-1.9928347898,3.0021942766,7.428298335],"TMC100":[1.8574381608,55.2542112424,-2.6669124365,0.1762279272,4.5750094927,-1.0696178216,-2.866183877,-1.1968970696,0.6560180004,-0.9107854764],"LOO":[2.9663619995,28.3196125031,0.02135849,1.5329360962,-0.9591360092,0.0912895203,0.5177545547,0.5211343765,0.0939512253,-1.4871416092]}],"FM_matrix_groundtruth":"[[  0.           1.91736551   0.8984805    1.08878544   1.5817118\n   -0.3870854   -0.37202982  -1.93661709  -0.67974898  -1.68039245]\n [  1.91736551   0.           1.74961894   0.81047822 -33.54708189\n   -3.19590805   2.2496588    0.56033217   0.60128475  -0.31444341]\n [  0.8984805    1.74961894   0.          -2.96809302   1.16620796\n   -0.73304183  -1.02996592  -0.18181132   0.04608404   0.36484135]\n [  1.08878544   0.81047822  -2.96809302   0.           0.55095102\n   -0.77072197  -0.27038458  -1.14851555   1.67775552  -0.97593518]\n [  1.5817118  -33.54708189   1.16620796   0.55095102   0.\n    2.04712622  -0.41535985   4.56976134   0.4768069   -0.49081056]\n [ -0.3870854   -3.19590805  -0.73304183  -0.77072197   2.04712622\n    0.          -0.42939535  -0.82146089  -0.88133315  -2.16522335]\n [ -0.37202982   2.2496588   -1.02996592  -0.27038458  -0.41535985\n   -0.42939535   0.           1.5732083   -4.10472723  -1.69025359]\n [ -1.93661709   0.56033217  -0.18181132  -1.14851555   4.56976134\n   -0.82146089   1.5732083    0.           1.74698859  -0.17193556]\n [ -0.67974898   0.60128475   0.04608404   1.67775552   0.4768069\n   -0.88133315  -4.10472723   1.74698859   0.          -1.79136411]\n [ -1.68039245  -0.31444341   0.36484135  -0.97593518  -0.49081056\n   -2.16522335  -1.69025359  -0.17193556  -1.79136411   0.        ]]"}
