query,context,provided_answer,top_k,doc_id,FM_matrix,scoring,FM_matrix_groundtruth
What are the two primary materials used to construct a Xylotian 'Sky-Skiff' hull?,"[[[""The lightweight frame of a Xylotian Sky-Skiff is primarily made from hardened 'Aero-Coral'."", ""For durability and energy shielding, the Aero-Coral frame of a Sky-Skiff is then clad in thin sheets of 'Noctilucent Metal'."", 'Xylotian ground vehicles are often made from volcanic rock.', 'Sky-Skiffs are typically piloted by a single Xylotian navigator.', 'The propulsion system of a Sky-Skiff utilizes focused solar winds.', ""Aero-Coral is a bio-engineered substance grown in Xylos's upper atmosphere."", ""The annual 'Great Xylotian Sky Race' features heavily modified Sky-Skiffs."", 'Noctilucent Metal glows faintly in the dark, a common aesthetic in Xylotian design.', ""Navigational tools on a Sky-Skiff include a 'Star-Compass' and a 'Wind-Gauge'."", 'Training to pilot a Sky-Skiff begins at a young age for many Xylotians.']]]",The two primary materials used to construct a Xylotian 'Sky-Skiff' hull are hardened 'Aero-Coral' and thin sheets of 'Noctilucent Metal'.,,"[[['A', 'B', 'C', 'D', 'E', 'F', 'G', 'H', 'I', 'J']]]","[array([[ 5.88617681e+02, -3.78556128e+00,  6.67059587e+00,
        -3.37300443e-01,  3.66539039e+00, -8.56926517e+00,
        -3.96663177e+00, -5.48410429e+00, -8.19289685e-02,
        -1.04834195e+00],
       [-3.78556128e+00,  3.14681474e+01,  2.30810397e-01,
         6.08560145e-01,  2.68159255e+00, -1.40084532e+01,
        -4.50275339e+00, -2.29358819e+01,  2.53452841e+00,
         3.07101979e+00],
       [ 6.67059587e+00,  2.30810397e-01,  2.02272602e+01,
         6.67723204e+00, -2.33998585e-01, -2.44083953e+00,
         2.17699325e+00,  8.91819566e+00,  3.43366425e+00,
         5.32618034e+00],
       [-3.37300443e-01,  6.08560145e-01,  6.67723204e+00,
         2.75155436e+00,  1.40837937e-01, -9.34335480e-01,
         6.49582094e-01,  2.21753852e+00,  2.00741968e+00,
         2.22046257e+00],
       [ 3.66539039e+00,  2.68159255e+00, -2.33998585e-01,
         1.40837937e-01,  3.28281648e-01, -1.20587344e+00,
        -4.53088926e-01, -2.28484669e+00,  4.64602976e-01,
         3.22492673e-01],
       [-8.56926517e+00, -1.40084532e+01, -2.44083953e+00,
        -9.34335480e-01, -1.20587344e+00,  6.66845023e+00,
         1.83188456e+00,  9.29243009e+00, -1.40184746e+00,
        -1.88920821e+00],
       [-3.96663177e+00, -4.50275339e+00,  2.17699325e+00,
         6.49582094e-01, -4.53088926e-01,  1.83188456e+00,
         9.33049072e-01,  4.38599069e+00, -4.26294484e-03,
         1.50790136e-01],
       [-5.48410429e+00, -2.29358819e+01,  8.91819566e+00,
         2.21753852e+00, -2.28484669e+00,  9.29243009e+00,
         4.38599069e+00,  2.12948733e+01, -8.98169505e-01,
        -1.00746805e-01],
       [-8.19289685e-02,  2.53452841e+00,  3.43366425e+00,
         2.00741968e+00,  4.64602976e-01, -1.40184746e+00,
        -4.26294484e-03, -8.98169505e-01,  2.08055314e+00,
         1.77556907e+00],
       [-1.04834195e+00,  3.07101979e+00,  5.32618034e+00,
         2.22046257e+00,  3.22492673e-01, -1.88920821e+00,
         1.50790136e-01, -1.00746805e-01,  1.77556907e+00,
         2.00523020e+00]])]","[{'Exact': array([30.35082963, 43.49981367, -6.08712929, -1.13158842,  0.90830098,
        7.72326447, -1.33084068, 13.1317023 ,  1.63803763, -0.73637638]), 'ContextCite32': array([31.87327203, 44.00360111, -3.99644409, -2.21321182, -6.22229349,
       12.08991845, -4.61507276, 26.26196406,  0.54415966,  2.33095882]), 'KernelShap32': array([40.00575621, 53.34128637, -6.97293153,  2.71141301, -0.43431965,
        6.98636185,  0.0732225 , 17.25102892,  5.7533711 , -5.5349687 ]), 'WSS32': array([ 41.0964623 ,  21.21264519,   0.7929002 , -23.54617042,
        -2.72277115,  31.13753712,  -0.98796683,  38.06876715,
        -5.8774222 ,  -8.50735836]), 'BetaShap (U)32': array([ 16.85545202,  38.29672948,   1.87800266, -25.13638078,
         7.85708427,   0.23306933,   0.12925505,   2.89965069,
         2.55823516,   3.87614995]), 'TMC32': array([ 28.81168723,  43.22310662,   1.88305783, -12.71134704,
         7.58187644,   6.14120495,   0.16387049,  10.55391947,
         2.54679505,   3.15514517]), 'ContextCite64': array([33.93439445, 41.33539152, -5.22489704,  1.70779894, -0.82849611,
       10.36540322,  0.36169213, 20.36830386,  5.29360079,  1.81357874]), 'KernelShap64': array([36.59554655, 48.49869305, -7.17765338, -0.79120161,  1.45332221,
       10.73764828,  0.45039983, 16.90104347,  0.95337532, -1.57432658]), 'WSS64': array([36.10399069, 46.10282419, -2.98312248, -0.93695508,  3.7617555 ,
        2.23900569, -4.73342033, 13.62230703,  5.20640224,  3.38517125]), 'BetaShap (U)64': array([ 16.85547757,  38.29672498,   3.64654793, -25.13633562,
         2.25552269,   0.23307178,   0.13055181,   0.16931634,
       -23.49471677,   1.7889247 ]), 'TMC64': array([27.37735503, 41.38331115,  3.68621364, -5.10128996,  4.37767601,
        8.39925671,  0.13229448,  7.01136228,  0.29631132,  1.36034557]), 'ContextCite100': array([36.59923345, 44.39057631, -1.89365215, -0.89333603, -0.66925035,
        7.92263751,  1.32927984, 17.13641241,  2.35505927,  4.32829984]), 'KernelShap100': array([33.56934807, 47.46664963, -5.69876235,  0.84070523,  3.61877949,
       10.07640813,  1.76857874, 16.60361268,  1.54074851, -2.53152736]), 'WSS100': array([35.43897752, 45.17316776, -3.10972379, -1.44153961,  2.51772693,
        3.27890242, -2.97323498, 13.39649603,  2.65507929,  2.01585492]), 'BetaShap (U)100': array([ 23.81819063,  38.2967294 , -45.28389938, -25.13634053,
         2.25552175,   0.23307584,   1.87443802,   0.44234705,
       -23.49474899, -21.81928991]), 'TMC100': array([32.90804628, 41.5167965 , -3.24750191, -5.72120363,  3.71277442,
        8.11825263,  1.60120002,  7.40895087,  0.83632128,  0.64895803]), 'LOO': array([27.29952526, 27.56663227,  2.69549227, -0.64951468,  2.25551701,
        0.23305726,  0.86481953,  2.89962864,  1.69509554, -0.42778492])}]","[[  0.          -1.35474004   6.0657152    3.69158053   2.26675401
   -6.98122017   2.50352451  -4.1660641    5.43273554   2.98582445]
 [ -1.35474004   0.           4.63518451   3.20750842   4.5253346
  -12.41857114   4.57619372 -20.28385356   4.318188     2.06467298]
 [  6.0657152    4.63518451   0.           6.22348221   5.66839021
    1.52843461   3.08691339   9.29227747   7.03487399   4.44450717]
 [  3.69158053   3.20750842   6.22348221   0.           2.69305631
    1.11622489   2.6922894    1.48177625   1.60126751   1.77970576]
 [  2.26675401   4.5253346    5.66839021   2.69305631   0.
    1.16156216   1.88466703   1.75780812   0.49432215   1.78299254]
 [ -6.98122017 -12.41857114   1.52843461   1.11622489   1.16156216
    0.           1.61421701   8.42357237   0.50642234   0.96431522]
 [  2.50352451   4.57619372   3.08691339   2.6922894    1.88466703
    1.61421701   0.           3.3260823    2.52192944   2.7535004 ]
 [ -4.1660641  -20.28385356   9.29227747   1.48177625   1.75780812
    8.42357237   3.3260823    0.           1.46395662   2.79993499]
 [  5.43273554   4.318188     7.03487399   1.60126751   0.49432215
    0.50642234   2.52192944   1.46395662   0.           1.81626536]
 [  2.98582445   2.06467298   4.44450717   1.77970576   1.78299254
    0.96431522   2.7535004    2.79993499   1.81626536   0.        ]]"
What two distinct abilities does a Xylotian 'Chrono-Weaver' possess?,"[[['A trained Xylotian Chrono-Weaver can subtly perceive echoes of recent past events in their immediate vicinity.', 'Furthermore, advanced Chrono-Weavers can project faint, localized temporal distortions, making objects appear to shimmer or briefly lag.', ""Xylotian cuisine often features 'Sun-Berries' which ripen instantly upon picking."", ""Chrono-Weavers often wear time-keeping amulets made of 'Hourglass Sandstone'."", ""The 'Temporal College' on Xylos is where Chrono-Weavers hone their skills."", 'The Xylotian concept of time is multi-linear, unlike simpler sequential models.', 'Uncontrolled temporal abilities can be dangerous, so Chrono-Weavers undergo rigorous training.', 'Many Xylotian myths involve legendary Chrono-Weavers who could allegedly halt time, though this is unproven.', 'Chrono-Weaving is considered more of an art than a science by many Xylotians.', ""The energy source for a Chrono-Weaver's abilities is drawn from ambient 'Temporal Flux'.""]]]","A Xylotian 'Chrono-Weaver' possesses two distinct abilities:
1. Subtly perceiving echoes of recent past events in their immediate vicinity.
2. Projecting faint, localized temporal distortions that make objects appear to shimmer or briefly lag.",,"[[['A', 'B', 'C', 'D', 'E', 'F', 'G', 'H', 'I', 'J']]]","[array([[ 7.14877033e+02,  1.35407862e+01, -6.62204950e-01,
         5.39581164e-01,  3.26437790e+00, -4.11134385e+00,
         2.15704007e+00, -3.75877974e+00,  1.65371244e+00,
         1.33624924e+00],
       [ 1.35407862e+01,  9.61761979e+00, -4.17784130e+00,
         4.68139600e-01, -3.37603565e-01,  2.16438074e-01,
        -2.51899257e-01, -2.87431132e+00, -6.83361790e-01,
         3.24256906e+00],
       [-6.62204950e-01, -4.17784130e+00,  2.95471907e+00,
         3.57680989e-01,  1.82226236e+00,  9.58127901e-01,
         6.19790600e-01,  2.21995126e+00,  1.22284852e+00,
        -1.50859477e+00],
       [ 5.39581164e-01,  4.68139600e-01,  3.57680989e-01,
         1.20578612e+00,  2.61738884e+00,  1.86291382e+00,
         2.32392081e+00,  2.39302201e+00,  1.32752249e+00,
         6.80479460e-01],
       [ 3.26437790e+00, -3.37603565e-01,  1.82226236e+00,
         2.61738884e+00,  6.08704217e+00,  4.18991976e+00,
         4.93211574e+00,  5.63215010e+00,  3.19289772e+00,
         8.77661659e-01],
       [-4.11134385e+00,  2.16438074e-01,  9.58127901e-01,
         1.86291382e+00,  4.18991976e+00,  2.98184659e+00,
         3.48312035e+00,  3.84041740e+00,  2.16274179e+00,
         8.30756767e-01],
       [ 2.15704007e+00, -2.51899257e-01,  6.19790600e-01,
         2.32392081e+00,  4.93211574e+00,  3.48312035e+00,
         5.08958457e+00,  5.25300169e+00,  2.52338226e+00,
         1.17481791e+00],
       [-3.75877974e+00, -2.87431132e+00,  2.21995126e+00,
         2.39302201e+00,  5.63215010e+00,  3.84041740e+00,
         5.25300169e+00,  6.34838712e+00,  3.04706729e+00,
         2.38368248e-01],
       [ 1.65371244e+00, -6.83361790e-01,  1.22284852e+00,
         1.32752249e+00,  3.19289772e+00,  2.16274179e+00,
         2.52338226e+00,  3.04706729e+00,  1.70566886e+00,
         2.57344582e-01],
       [ 1.33624924e+00,  3.24256906e+00, -1.50859477e+00,
         6.80479460e-01,  8.77661659e-01,  8.30756767e-01,
         1.17481791e+00,  2.38368248e-01,  2.57344582e-01,
         1.46439192e+00]])]","[{'Exact': array([69.06949439, 65.39094782, -0.35894657, -1.9459039 , -5.86246463,
       -0.78975526, -5.73416273,  1.65059742, -4.34215313, -0.80436468]), 'ContextCite32': array([ 6.87287913e+01,  6.72580174e+01, -5.84168012e-02,  7.41669831e-01,
       -4.36972095e+00, -1.16093906e+00, -1.13961189e+00,  2.00048631e+00,
       -2.83024797e+00, -8.75435191e-01]), 'KernelShap32': array([70.32122279, 64.05170426,  1.87022676,  1.686629  , -3.2682863 ,
       -3.26186742, -1.4389945 , -1.54743378, -4.93691691,  1.1375527 ]), 'WSS32': array([51.03597392, 62.27937698, 18.81927799,  1.37477402, -8.27748186,
       -1.56672594, -4.87483734,  3.10164267,  2.92862053, -0.86203275]), 'BetaShap (U)32': array([ 35.04347911,  45.83273981,  -1.45158301, -27.62933549,
        -1.30165676,   1.52307435,  -0.08817025,   0.11617261,
        -0.08885786,  -0.99718376]), 'TMC32': array([ 64.3551805 ,  63.90342402,  -1.45782852, -13.54612827,
        -1.26207574,   2.91591024,  -0.08148003,   2.1471777 ,
        -0.12757428,  -1.10345316]), 'ContextCite64': array([ 7.16206851e+01,  6.37900015e+01, -1.76127364e+00, -1.80259212e+00,
       -3.00878754e+00, -0.00000000e+00, -5.16006710e-01,  8.83257474e-02,
       -2.73749039e+00, -3.03077330e-02]), 'KernelShap64': array([71.68455735, 64.93263504,  1.21072498,  0.1678562 , -1.33882704,
       -0.81830328, -0.6170066 ,  0.93964681, -3.12507984,  0.60924121]), 'WSS64': array([72.67114338, 63.90423199, -1.53183016, -1.43460885, -5.14023876,
       -0.11739277, -2.35134891,  2.78743137, -4.1815118 , -0.27661199]), 'BetaShap (U)64': array([ 35.04358948,  45.83272595,  -0.6647757 , -27.62928653,
         0.58802027,   1.52307194,  -1.10495522,  -8.66633069,
       -36.45341689,  -1.01743902]), 'TMC64': array([69.84623528, 59.52185857, -0.74268174, -5.74173129, -0.17030321,
        1.82564735, -1.15799999, -1.83537591, -4.90134454, -1.28410983]), 'ContextCite100': array([ 7.25949194e+01,  6.50182574e+01, -1.39935531e+00, -8.99200033e-01,
       -2.43442244e+00,  2.81116025e-02, -5.26630036e-01,  2.38952311e-02,
       -1.89027855e+00,  9.41569926e-01]), 'KernelShap100': array([ 7.18629456e+01,  6.60242028e+01,  2.11730574e-01, -9.75428390e-01,
       -1.80088911e+00, -2.96754048e-02, -3.97845206e-01,  1.90329369e+00,
       -2.08006860e+00,  1.01950243e+00]), 'WSS100': array([ 7.33607823e+01,  6.42927783e+01, -2.71326475e+00, -1.16403052e+00,
       -3.50968851e+00, -5.06263701e-01, -1.68770955e+00,  6.23280691e-02,
       -2.47029136e+00,  6.62222166e-01]), 'BetaShap (U)100': array([ 63.3031855 ,  45.8327759 , -11.07245409, -27.62929074,
         0.58801723,   1.52307285,  -4.07694562,  -7.7880843 ,
       -36.45346529, -24.07505539]), 'TMC100': array([71.52209062, 64.28179968, -1.72816626, -6.10385362, -1.07814972,
        2.17792306, -3.48954884, -2.35113327, -5.6494189 , -2.58358177]), 'LOO': array([77.43304062, 73.17503738, -1.15672112,  0.13565445,  0.58802223,
        1.52307129,  0.97190094,  0.11616516,  0.55786514,  2.04570007])}]","[[ 0.         16.37855848  0.91182369  2.28717385  7.22574521  0.70080565
   6.35469441  1.04805622  5.99688276  1.48591198]
 [16.37855848  0.         -4.34587317 -0.40784902  4.81764724  2.01729643
   6.07015948 -4.09524406  2.48635325  4.42130138]
 [ 0.91182369 -4.34587317  0.          2.34792963  2.1526017   1.5748107
   2.80284419  0.09240734  2.80345288  1.57582221]
 [ 2.28717385 -0.40784902  2.34792963  0.          4.35762593  3.71280502
   7.16663946  0.95296767  3.9626084   3.38511752]
 [ 7.22574521  4.81764724  2.1526017   4.35762593  0.          4.18892559
   6.0290501   6.04980318  4.63706668  3.90235324]
 [ 0.70080565  2.01729643  1.5748107   3.71280502  4.18892559  0.
   5.61678128  2.13491434  3.88010031  1.79911   ]
 [ 6.35469441  6.07015948  2.80284419  7.16663946  6.0290501   5.61678128
   0.          3.33758229  4.22694097  4.92496327]
 [ 1.04805622 -4.09524406  0.09240734  0.95296767  6.04980318  2.13491434
   3.33758229  0.          4.02248824 -0.36920813]
 [ 5.99688276  2.48635325  2.80345288  3.9626084   4.63706668  3.88010031
   4.22694097  4.02248824  0.          4.99558494]
 [ 1.48591198  4.42130138  1.57582221  3.38511752  3.90235324  1.79911
   4.92496327 -0.36920813  4.99558494  0.        ]]"
What are the two key functions of 'Symbiotic Spores' in Xylotian terraforming pods?,"[[[""Within Xylotian terraforming pods, 'Symbiotic Spores' are first tasked with breaking down hostile native soil into a nutrient-rich substrate."", 'Once the soil is viable, these same Symbiotic Spores then release dormant Xylotian flora seeds to begin atmospheric oxygenation.', ""The 'Seed Vaults' on Xylos contain genetic material for countless plant species."", 'Terraforming pods are launched from Xylos towards potentially habitable exoplanets.', ""The outer shell of a terraforming pod is made from 'Impact-Resistant Ceramite'."", 'Symbiotic Spores are genetically engineered for extreme environmental resilience.', ""Xylotian astronomers use 'Deep-Space Telescopes' to identify terraforming candidates."", 'The process initiated by Symbiotic Spores can take several Xylotian years to show significant results.', 'Each pod contains enough spores to initiate a small, localized ecosystem.', 'The success rate of Xylotian terraforming efforts has been steadily increasing.']]]","The two key functions of 'Symbiotic Spores' in Xylotian terraforming pods are:
1. Breaking down hostile native soil into a nutrient-rich substrate.
2. Releasing dormant Xylotian flora seeds to begin atmospheric oxygenation once the soil is viable.",,"[[['A', 'B', 'C', 'D', 'E', 'F', 'G', 'H', 'I', 'J']]]","[array([[ 3.95678519e+02,  1.07909687e+01, -6.37647989e+00,
        -3.04077417e-01, -5.40767595e+00,  5.04912127e+00,
         1.84883152e+00,  8.38369166e-01,  1.08480139e+00,
        -7.60802526e-01],
       [ 1.07909687e+01,  6.60131445e+00,  5.27178551e+00,
        -4.75717084e-01,  4.49347451e+00,  1.18969847e+00,
        -5.40557698e-01, -1.25185693e+00,  6.28687879e+00,
         5.11772046e-01],
       [-6.37647989e+00,  5.27178551e+00,  6.39398595e+00,
         2.59494851e+00,  3.82966760e+00,  2.17501916e-02,
         3.87642770e-01, -1.25419185e+00,  4.11536668e+00,
         1.42911477e-01],
       [-3.04077417e-01, -4.75717084e-01,  2.59494851e+00,
         8.68977844e+00, -1.25307854e+00, -3.53814740e+00,
         2.18950847e+00, -1.76983493e+00, -4.62773550e+00,
        -9.09352078e-01],
       [-5.40767595e+00,  4.49347451e+00,  3.82966760e+00,
        -1.25307854e+00,  3.59001845e+00,  1.10594578e+00,
        -6.69572450e-01, -7.06075595e-01,  5.04458891e+00,
         4.91503700e-01],
       [ 5.04912127e+00,  1.18969847e+00,  2.17501916e-02,
        -3.53814740e+00,  1.10594578e+00,  1.89522278e+00,
        -8.02021322e-01,  8.97930653e-01,  2.83996580e+00,
         4.06959687e-01],
       [ 1.84883152e+00, -5.40557698e-01,  3.87642770e-01,
         2.18950847e+00, -6.69572450e-01, -8.02021322e-01,
         6.58508305e-01, -1.70384793e-01, -1.55722460e+00,
        -2.78776889e-01],
       [ 8.38369166e-01, -1.25185693e+00, -1.25419185e+00,
        -1.76983493e+00, -7.06075595e-01,  8.97930653e-01,
        -1.70384793e-01,  1.12045458e+00, -2.10937247e-01,
         5.26332076e-02],
       [ 1.08480139e+00,  6.28687879e+00,  4.11536668e+00,
        -4.62773550e+00,  5.04458891e+00,  2.83996580e+00,
        -1.55722460e+00, -2.10937247e-01,  8.26573165e+00,
         9.36330083e-01],
       [-7.60802526e-01,  5.11772046e-01,  1.42911477e-01,
        -9.09352078e-01,  4.91503700e-01,  4.06959687e-01,
        -2.78776889e-01,  5.26332076e-02,  9.36330083e-01,
         1.35394749e-01]])]","[{'Exact': array([48.00218972, 69.55475556, -2.44534426,  2.6473133 , -1.05231783,
       -0.51208775,  1.48636032,  1.38776024, -3.38554991,  1.83097109]), 'ContextCite32': array([43.40052367, 75.01740644, -5.64662517,  3.88280602, -2.36089165,
       -2.62792591, -1.4814654 ,  5.53950845, -8.66064048, -0.98716286]), 'KernelShap32': array([49.11057045, 69.04887701, -0.20109378,  1.27284013, -2.62786234,
       -4.51637116, -2.90654912,  1.47121489, -4.55771843, -1.52946108]), 'WSS32': array([ 64.27305916,  46.33284001,  -2.23509888, -19.03830311,
        -4.31230642,  16.55892024,  15.21833194,  -3.49340725,
        -9.45546284,  10.05065784]), 'BetaShap (U)32': array([42.17257473, 67.14187563, -1.40094651, 14.31900285, -1.62127698,
        1.73519837, -0.78030734, -1.01530359,  0.71427192, -1.90635021]), 'TMC32': array([48.84678721, 67.95115519, -1.45688375,  8.07093883, -1.59843222,
       -1.74668384, -0.74855105, -0.25458686,  0.67664655, -2.1628443 ]), 'ContextCite64': array([45.50512826, 67.79950154, -4.72662055,  0.71609983, -0.15713082,
       -1.27425509, -0.85227856,  1.68751169, -5.72406231, -2.22867126]), 'KernelShap64': array([48.50624713, 67.89170756, -0.5484428 ,  0.16894391, -2.88026165,
       -1.58202815, -1.28043457, -0.35384991, -3.79043656, -0.34919018]), 'WSS64': array([47.78562735, 68.69360708, -3.61337475,  2.62326552, -2.79689466,
       -0.9571403 , -0.76463265, -0.44489016, -4.51736806, -1.3048902 ]), 'BetaShap (U)64': array([42.17260617, 67.14186697, -3.13630144, 14.31898433, -1.17212767,
        1.7352017 ,  0.12145922,  6.06820314, -1.6149531 , -0.9890344 ]), 'TMC64': array([50.86473233, 65.11746383, -3.13936758,  5.41080105, -1.13104289,
       -0.42744841,  0.13427705,  2.26617181, -0.61242592, -1.13321716]), 'ContextCite100': array([46.7145765 , 68.52984416, -4.35065372,  2.17036407, -2.2351539 ,
       -2.12464228, -0.92476049, -0.42127615, -5.93396604, -0.60835603]), 'KernelShap100': array([47.47996786, 68.13508863, -2.91282608,  0.06887752, -2.91750279,
       -0.58258916, -0.14122975, -0.19633489, -3.24227895, -1.33118119]), 'WSS100': array([47.05088321, 69.47316186, -4.23900156,  1.09901611, -3.07433732,
       -0.9438417 , -1.60290844,  0.1538668 , -4.90880696,  0.31109355]), 'BetaShap (U)100': array([52.72882627, 67.14187403,  5.82965967, 14.31898315, -1.17212775,
        1.73520025, -0.18505288,  5.35985412, -1.61496188, 16.51407883]), 'TMC100': array([49.79449529, 66.86577173, -2.60194381,  4.69918323, -1.14932365,
       -0.37769556, -0.17949951,  2.41220442, -2.17833658,  0.87320626]), 'LOO': array([ 5.80069780e+01,  8.02157412e+01, -7.77235985e-01,  8.11934471e-01,
       -1.17212772e+00,  1.73520565e+00,  5.73693275e-01, -1.01530552e+00,
        7.74502754e-01, -2.07996368e-03])}]","[[ 0.         12.6644573  -4.33502452 -0.51848815 -0.43910675  6.55711885
   1.38522522  1.41655387  2.60319985 -3.49951165]
 [12.6644573   0.          4.32619479 -1.32642103  1.79588704  0.05204128
  -0.89394393 -5.61058945  4.46426475 -2.398022  ]
 [-4.33502452  4.32619479  0.          0.48536767 -0.55937012 -4.64057118
  -0.43171116 -2.05821517  1.68336707 -1.07700816]
 [-0.51848815 -1.32642103  0.48536767  0.         -1.24033737 -3.32937441
  -1.48648279 -1.72953636 -2.9419286  -1.41987998]
 [-0.43910675  1.79588704 -0.55937012 -1.24033737  0.         -0.87325386
  -2.60894067 -1.60235687 -0.79499603 -1.49027809]
 [ 6.55711885  0.05204128 -4.64057118 -3.32937441 -0.87325386  0.
  -0.29031624  0.98314203  0.51932691 -1.0584137 ]
 [ 1.38522522 -0.89394393 -0.43171116 -1.48648279 -2.60894067 -0.29031624
   0.         -0.87979582 -2.0764427  -2.74422517]
 [ 1.41655387 -5.61058945 -2.05821517 -1.72953636 -1.60235687  0.98314203
  -0.87979582  0.          0.30857788 -1.45305573]
 [ 2.60319985  4.46426475  1.68336707 -2.9419286  -0.79499603  0.51932691
  -2.0764427   0.30857788  0.         -1.37590667]
 [-3.49951165 -2.398022   -1.07700816 -1.41987998 -1.49027809 -1.0584137
  -2.74422517 -1.45305573 -1.37590667  0.        ]]"
What two types of energy are harvested by the 'Dual-Resonance Crystals' of Xylos?,"[[[""The 'Dual-Resonance Crystals' found deep within Xylos's crust are known to efficiently absorb ambient geothermal energy from the planet's core."", ""In addition to heat, these unique crystals also passively collect and store psychic energy emanated by Xylos's sentient life forms."", ""Xylotian vehicles primarily run on 'Bio-Luminescent Fuel Cells'."", 'These crystals are often a deep, pulsating blue color.', 'The energy stored in Dual-Resonance Crystals is used to power Xylotian cities.', 'Mining Dual-Resonance Crystals is a dangerous but vital Xylotian industry.', 'Xylotian art often depicts the geometric beauty of these crystals.', ""The 'Crystal Caves' where they are found are considered sacred by some Xylotians."", 'The size of a crystal correlates with its energy storage capacity.', ""Over-harvesting can destabilize the crystals' resonant frequencies.""]]]",The 'Dual-Resonance Crystals' of Xylos harvest both ambient geothermal energy from the planet's core and psychic energy emanated by Xylos's sentient life forms.,,"[[['A', 'B', 'C', 'D', 'E', 'F', 'G', 'H', 'I', 'J']]]","[array([[ 1.47501797e+03,  4.49492041e+01,  3.00210278e+00,
         4.18015643e+00, -1.32742666e+00, -2.39114159e+00,
         2.09957196e+00, -3.30774381e+00,  8.30074981e-01,
         9.68815368e-02],
       [ 4.49492041e+01,  2.72528299e+01,  4.57440055e+00,
         4.43516909e-01,  5.04087957e+00, -1.42212027e+00,
        -5.64869023e+00,  5.53438982e-01,  1.30011516e+00,
         1.99082124e+00],
       [ 3.00210278e+00,  4.57440055e+00,  8.36297853e-01,
         1.02382863e-01,  7.02711820e-01, -4.56389453e-01,
        -8.21230384e-01,  1.11774251e-01,  4.77385864e-01,
         3.55814319e-01],
       [ 4.18015643e+00,  4.43516909e-01,  1.02382863e-01,
         8.45358382e-02, -9.68460547e-02, -2.53892449e-01,
         6.20329483e-02, -3.47614638e-02,  2.39959487e-01,
         1.97027088e-02],
       [-1.32742666e+00,  5.04087957e+00,  7.02711820e-01,
        -9.68460547e-02,  1.58579273e+00,  4.95179258e-01,
        -1.66061368e+00,  1.40342867e-01, -6.04126901e-01,
         3.62472642e-01],
       [-2.39114159e+00, -1.42212027e+00, -4.56389453e-01,
        -2.53892449e-01,  4.95179258e-01,  1.08579388e+00,
        -3.81625525e-01,  1.65942410e-02, -1.16603584e+00,
        -1.26273314e-01],
       [ 2.09957196e+00, -5.64869023e+00, -8.21230384e-01,
         6.20329483e-02, -1.66061368e+00, -3.81625525e-01,
         1.76480979e+00, -1.39300148e-01,  5.03092752e-01,
        -4.06207527e-01],
       [-3.30774381e+00,  5.53438982e-01,  1.11774251e-01,
        -3.47614638e-02,  1.40342867e-01,  1.65942410e-02,
        -1.39300148e-01,  5.86701161e-02,  2.13636931e-02,
         6.31766733e-02],
       [ 8.30074981e-01,  1.30011516e+00,  4.77385864e-01,
         2.39959487e-01, -6.04126901e-01, -1.16603584e+00,
         5.03092752e-01,  2.13636931e-02,  1.30506637e+00,
         1.39800867e-01],
       [ 9.68815368e-02,  1.99082124e+00,  3.55814319e-01,
         1.97027088e-02,  3.62472642e-01, -1.26273314e-01,
        -4.06207527e-01,  6.31766733e-02,  1.39800867e-01,
         1.59309138e-01]])]","[{'Exact': array([36.72082577, 32.20860836, -3.71409336,  1.11285546, -1.90400472,
        1.3349375 ,  1.88055623,  1.24774539, -1.9467713 , -0.79818609]), 'ContextCite32': array([23.74922956, 36.97568532, -0.59318093,  3.19755683, -6.00629401,
        3.51370817,  1.05806678,  2.47955773, -1.08311618,  0.87939715]), 'KernelShap32': array([39.878875  , 37.32533298,  5.60441377, -1.23093954, -4.49215096,
       -5.80044823,  8.82518526, -3.33263064,  0.98750262,  1.20677317]), 'WSS32': array([38.54098899, 33.65011924,  4.99807762, -5.17909548,  2.07499297,
       -1.43874134,  0.19416086,  2.63665858,  3.71970001, -3.96180291]), 'BetaShap (U)32': array([ -5.25300455, -22.05455608,  -0.99869007, -14.47374494,
        -1.33119451,   1.08758799,   4.790517  ,   0.64307477,
         0.65361268,   3.67501394]), 'TMC32': array([40.0900569 , 19.1338129 , -1.03655974, -5.79686439, -1.22968642,
        2.48905492,  4.80998961,  4.04847097,  0.64947573,  3.05248404]), 'ContextCite64': array([34.63634614, 33.45757087, -3.13156657, -0.76221758,  0.39163865,
        3.15825911,  3.12040997,  0.        ,  0.71037516, -0.12944119]), 'KernelShap64': array([41.41695317, 33.23292259,  5.84469754, -0.17824109,  0.23222073,
        2.55016838,  6.13790063, -0.43144861,  2.01416225,  1.00059345]), 'WSS64': array([41.87531673, 38.72901647,  1.66330288,  0.08706479,  0.75697792,
       -1.03782071,  4.55332115, -0.71147854, -1.0399588 ,  2.51766848]), 'BetaShap (U)64': array([ -5.25281877, -22.05458063,  -1.66263852, -14.47371205,
        -0.55488536,   1.08758583,   3.97997564,  -2.28763634,
       -29.4080124 ,   2.78920571]), 'TMC64': array([50.89374481, 10.9032321 , -1.56670368, -0.13222975, -0.46391719,
        1.38366004,  4.03026414,  1.00366241, -3.32031626,  2.50078893]), 'ContextCite100': array([38.50681823, 36.81965824, -2.48686306,  3.20682125, -0.7798054 ,
        1.29333989,  4.29452829, -3.90305274,  0.94996773,  1.8571417 ]), 'KernelShap100': array([39.98781251, 34.57259397,  2.35635917,  0.05236915,  0.68769838,
        3.8249052 ,  6.42705118, -0.85313223,  1.69212298,  1.97791077]), 'WSS100': array([40.87969299, 36.66601456, -2.03901975,  1.88237183,  0.32648284,
        3.31099267,  3.47876418,  1.10181264,  1.46890052,  1.09952673]), 'BetaShap (U)100': array([ 32.21609956, -22.05446509, -29.90591178, -14.47371547,
        -0.55488246,   1.08758668,   3.39229916,  -1.99456723,
       -29.40805039, -20.8417973 ]), 'TMC100': array([46.24947089, 20.7366358 , -2.64330908, -0.48172343,  0.44782085,
        1.74364127,  3.71939313,  0.73465077, -3.66658192, -1.29667711]), 'LOO': array([50.95064735, 61.04608345, -0.46425629,  1.43643093, -0.55488539,
        1.08758545,  0.20132065,  0.64306688,  0.59438419,  0.55504227])}]","[[ 0.         44.5306255   1.96093186  4.46697553 -0.9623942  -0.26855623
   2.66731315 -2.16396705  3.36704123  2.60582851]
 [44.5306255   0.         10.5598427   2.0405717   9.06520078  2.08483072
   1.73290728  0.61577316  5.80026524  6.67073861]
 [ 1.96093186 10.5598427   0.          2.08978298  2.78118553  4.24503992
   1.47738912 -1.3153028   4.32081426  3.32221859]
 [ 4.46697553  2.0405717   2.08978298  0.          0.60646893  1.47360956
   0.68502402 -0.25379077  3.02349828  1.77805321]
 [-0.9623942   9.06520078  2.78118553  0.60646893  0.          1.80838633
   0.94686756  2.71110841  2.68880673  1.60867338]
 [-0.26855623  2.08483072  4.24503992  1.47360956  1.80838633  0.
   0.67814622  1.65542652  2.71794278  1.19669638]
 [ 2.66731315  1.73290728  1.47738912  0.68502402  0.94686756  0.67814622
   0.          0.3588356   2.24962404  0.68575412]
 [-2.16396705  0.61577316 -1.3153028  -0.25379077  2.71110841  1.65542652
   0.3588356   0.          2.54674349  0.24123869]
 [ 3.36704123  5.80026524  4.32081426  3.02349828  2.68880673  2.71794278
   2.24962404  2.54674349  0.          3.28782075]
 [ 2.60582851  6.67073861  3.32221859  1.77805321  1.60867338  1.19669638
   0.68575412  0.24123869  3.28782075  0.        ]]"
What are the two main defensive mechanisms of a Xylotian 'Guardian Orb' drone?,"[[[""A Xylotian 'Guardian Orb' drone can emit a powerful, localized kinetic pulse to physically repel threats."", 'For less direct confrontations, the Guardian Orb can also generate a disorienting multi-spectral light pattern to confuse attackers.', ""The 'Festival of Aerial Drones' showcases the latest Xylotian drone technology."", 'Guardian Orbs are often deployed to protect sensitive Xylotian installations.', 'These drones are autonomously controlled by a central AI network.', 'The outer casing of a Guardian Orb is made of self-repairing polymers.', ""Xylotian 'Peacekeeper' units often work in tandem with Guardian Orbs."", ""Guardian Orbs recharge at designated 'Energy Pylons'."", 'Their primary sensor suite includes advanced optical and thermal imaging.', 'The design of the Guardian Orb has remained largely unchanged for decades due to its effectiveness.']]]","The two main defensive mechanisms of a Xylotian 'Guardian Orb' drone are:
1. Emitting a powerful, localized kinetic pulse to physically repel threats.
2. Generating a disorienting multi-spectral light pattern to confuse attackers.",,"[[['A', 'B', 'C', 'D', 'E', 'F', 'G', 'H', 'I', 'J']]]","[array([[ 6.82370638e+02,  1.93202591e+01, -6.02817132e+00,
         1.27270282e+00,  7.93306848e-01,  5.67220811e+00,
         4.19300808e+00,  1.32152816e+00,  1.29527025e+00,
         1.02141275e+00],
       [ 1.93202591e+01,  2.24068496e+01, -5.10318403e+00,
         8.96458512e+00, -2.06231987e+00,  2.82367581e+00,
        -7.91282439e-01, -4.84850589e+00, -5.76850813e+00,
        -5.24051767e-01],
       [-6.02817132e+00, -5.10318403e+00,  3.76307300e+00,
         8.12628763e-01,  2.65393692e+00,  2.26697487e+00,
        -1.14048576e+00,  3.68192071e-01,  3.67365012e+00,
        -2.23841056e+00],
       [ 1.27270282e+00,  8.96458512e+00,  8.12628763e-01,
         2.50695967e+01, -2.50446986e-01,  3.66440520e+00,
         3.37813038e+00,  4.38185860e+00,  1.97947381e+00,
         7.39386811e-01],
       [ 7.93306848e-01, -2.06231987e+00,  2.65393692e+00,
        -2.50446986e-01,  2.22340499e+00,  2.27513785e+00,
        -1.51916735e+00, -8.44071663e-01,  2.38706186e+00,
        -2.27842664e+00],
       [ 5.67220811e+00,  2.82367581e+00,  2.26697487e+00,
         3.66440520e+00,  2.27513785e+00,  3.67165541e+00,
        -1.72269915e+00, -1.64008060e+00,  1.91285942e+00,
        -2.82454961e+00],
       [ 4.19300808e+00, -7.91282439e-01, -1.14048576e+00,
         3.37813038e+00, -1.51916735e+00, -1.72269915e+00,
         2.18390590e+00,  2.59893968e+00, -4.52748393e-01,
         2.21444564e+00],
       [ 1.32152816e+00, -4.84850589e+00,  3.68192071e-01,
         4.38185860e+00, -8.44071663e-01, -1.64008060e+00,
         2.59893968e+00,  4.09821301e+00,  1.32434934e+00,
         2.16398321e+00],
       [ 1.29527025e+00, -5.76850813e+00,  3.67365012e+00,
         1.97947381e+00,  2.38706186e+00,  1.91285942e+00,
        -4.52748393e-01,  1.32434934e+00,  3.88413077e+00,
        -1.66620600e+00],
       [ 1.02141275e+00, -5.24051767e-01, -2.23841056e+00,
         7.39386811e-01, -2.27842664e+00, -2.82454961e+00,
         2.21444564e+00,  2.16398321e+00, -1.66620600e+00,
         2.83249806e+00]])]","[{'Exact': array([57.44814095, 36.98061358,  3.55700317,  1.88147909, -1.17772916,
       -6.02801388, -0.22141509,  0.10267174, -0.3966191 ,  2.3056271 ]), 'ContextCite32': array([54.44295344, 38.41078382,  6.76144316,  1.01042837, -2.27719602,
       -5.19286124, -0.13996625,  1.98895629,  3.76651184,  5.59743247]), 'KernelShap32': array([52.76079191, 33.24176166,  6.94895277,  4.68227676, -2.72106047,
       -8.75575439,  2.58820158,  1.70439061,  2.44913434,  5.74363413]), 'WSS32': array([53.82320462, 23.67049718,  9.6781577 , -1.82003974, -6.17867258,
        9.13726886, -2.42785105,  1.85824879,  6.83644118,  4.50054838]), 'BetaShap (U)32': array([34.09299832, 19.63027938,  0.36733626, -3.49628675, -1.38861633,
        2.46421963,  4.39911236,  2.00652478,  0.79138484,  1.62375328]), 'TMC32': array([52.88285637, 40.74733829,  0.32765802, -0.84830022, -1.21896807,
       -3.10444093,  4.43598493, -2.36127949,  0.7630736 ,  2.11752963]), 'ContextCite64': array([59.40937658, 36.99226951,  4.1207673 , -1.88229978,  0.40090804,
       -3.24853375, -0.59586098, -2.22864597,  0.61238123,  5.19902462]), 'KernelShap64': array([56.25958803, 35.13284462,  8.14674117,  2.73089823,  0.65690014,
       -6.60473784,  1.67494193,  1.37331914,  4.76708115,  4.07180262]), 'WSS64': array([59.67181487, 36.74044049,  0.4151595 ,  0.3924561 , -1.61957989,
        0.33797795, -0.34093996, -0.37370258,  2.60529707,  2.10575353]), 'BetaShap (U)64': array([ 34.09308765,  19.63025078,   3.01123535,  -3.49627698,
        -0.46846247,   2.46422108,   3.64107341,  -4.74149344,
       -23.00395695,   1.45544979]), 'TMC64': array([59.53563772, 31.08571005,  3.08560884,  0.82851374, -0.94486318,
       -3.24375984,  3.66028452, -1.95834601, -1.79219329,  1.76927495]), 'ContextCite100': array([59.48468817, 38.39402292,  3.87133515,  0.53415427,  1.54741434,
       -3.63713699,  0.33129694, -1.62987586,  2.79996861,  4.6104314 ]), 'KernelShap100': array([57.98031908, 37.53131248,  5.44642315,  2.33313636, -0.52475315,
       -4.32518287,  3.10472521,  0.80972317,  4.83980481,  2.41661706]), 'WSS100': array([59.74628433, 37.82590171,  2.60477332,  1.24291411, -0.22803303,
       -2.92388871,  1.37048798, -1.71224424,  2.37525365,  2.95549899]), 'BetaShap (U)100': array([ 59.96430454,  19.63029563,   2.55023546,  -3.49627625,
        -0.4684615 ,   2.46421908,   0.47727539,  -4.0666906 ,
       -23.00398858,  -0.76115375]), 'TMC100': array([57.91785314, 35.61644217,  3.09286857,  1.26267823, -0.556017  ,
       -2.5879331 ,  1.18471821, -1.62976329, -2.08174713,  2.0158515 ]), 'LOO': array([72.90000057, 46.20135403,  1.85035992,  3.61527157, -0.46846104,
        2.46423149,  3.06048012,  2.00653934,  2.67765617,  2.15835381])}]","[[ 0.         19.45124602 -2.16523012  1.98023942 -1.37765558  8.84408161
   5.35318818  4.13529645  3.24183695 -0.65594365]
 [19.45124602  0.         -3.09498156  3.4817238   0.84486319  8.83096178
   2.76324847 -2.48345649 -3.69436824  0.47189857]
 [-2.16523012 -3.09498156  0.          0.45249737 -0.06594062  1.69020079
  -0.23316932  0.30108776  2.18585475  0.22980893]
 [ 1.98023942  3.4817238   0.45249737  0.         -3.23953375  2.02366961
   1.10800913 -1.79797509  1.66391284  1.43902035]
 [-1.37765558  0.84486319 -0.06594062 -3.23953375  0.          0.48672694
   1.22432278  1.09538531  4.4867766  -0.61725357]
 [ 8.84408161  8.83096178  1.69020079  2.02366961  0.48672694  0.
   1.13160862  1.93044313  7.12432165  0.58848139]
 [ 5.35318818  2.76324847 -0.23316932  1.10800913  1.22432278  1.13160862
   0.          0.76149356  6.09366184  1.98362039]
 [ 4.13529645 -2.48345649  0.30108776 -1.79797509  1.09538531  1.93044313
   0.76149356  0.          5.63981603  0.53996534]
 [ 3.24183695 -3.69436824  2.18585475  1.66391284  4.4867766   7.12432165
   6.09366184  5.63981603  0.         -1.06006689]
 [-0.65594365  0.47189857  0.22980893  1.43902035 -0.61725357  0.58848139
   1.98362039  0.53996534 -1.06006689  0.        ]]"
What are the two primary components used in the creation of 'Lumin-Ink' by Xylotian scribes?,"[[[""Xylotian 'Lumin-Ink', prized for its enduring glow, is primarily formulated from finely crushed 'Glow-Geodes'."", ""This geode powder is then suspended in a viscous sap extracted from the 'Aether-Blossom' plant to create the final ink."", 'Xylotian cuisine often features edible flowers, but not the Aether-Blossom.', 'Lumin-Ink is traditionally used for inscribing sacred Xylotian texts.', 'The color of the glow can vary depending on the specific type of Glow-Geode used.', ""Aether-Blossoms only bloom under the light of Xylos's twin moons."", 'Xylotian printing presses use a different, more mundane type of ink for mass production.', ""The 'Great Library of Xylos' contains scrolls written entirely in Lumin-Ink."", 'The art of Lumin-Ink making is passed down through generations of scribes.', 'Texts written in Lumin-Ink can be read even in complete darkness.']]]",The two primary components used in the creation of 'Lumin-Ink' by Xylotian scribes are finely crushed 'Glow-Geodes' and viscous sap extracted from the 'Aether-Blossom' plant.,,"[[['A', 'B', 'C', 'D', 'E', 'F', 'G', 'H', 'I', 'J']]]","[array([[ 1.47778295e+02,  3.60798290e+00,  1.85311459e+00,
         2.30736718e+00, -2.31284116e+01, -8.64793552e-01,
         1.69253439e+00, -1.53572948e+00, -4.27094812e+00,
         3.01761944e+00],
       [ 3.60798290e+00,  5.92761261e+00, -8.82280948e+00,
         1.24365602e+00, -1.62866865e+00, -3.47225464e-01,
         4.63753411e-01,  1.91841097e+00, -1.74968594e+00,
         6.79233719e-01],
       [ 1.85311459e+00, -8.82280948e+00,  1.47947764e+01,
        -9.79250629e-01,  4.24052277e+00,  2.81985616e+00,
         1.50948769e+00,  6.88765679e-01,  3.66365698e+00,
        -7.04573730e-01],
       [ 2.30736718e+00,  1.24365602e+00, -9.79250629e-01,
         2.41581937e+00, -1.69605535e+00, -3.58287900e-01,
         2.76322805e+00,  5.50056543e+00, -1.42050485e+00,
         6.96508975e-01],
       [-2.31284116e+01, -1.62866865e+00,  4.24052277e+00,
        -1.69605535e+00,  1.53948480e+01,  8.39287866e+00,
         2.04953212e+00,  3.05401647e+00,  6.77516194e+00,
        -9.18754497e-01],
       [-8.64793552e-01, -3.47225464e-01,  2.81985616e+00,
        -3.58287900e-01,  8.39287866e+00,  5.95635320e+00,
         2.38798992e+00,  3.51747087e+00,  4.11158889e+00,
        -1.64568806e-01],
       [ 1.69253439e+00,  4.63753411e-01,  1.50948769e+00,
         2.76322805e+00,  2.04953212e+00,  2.38798992e+00,
         4.63433336e+00,  8.49021738e+00,  3.80476369e-01,
         7.09865873e-01],
       [-1.53572948e+00,  1.91841097e+00,  6.88765679e-01,
         5.50056543e+00,  3.05401647e+00,  3.51747087e+00,
         8.49021738e+00,  1.60772420e+01, -1.43869803e-01,
         1.40083608e+00],
       [-4.27094812e+00, -1.74968594e+00,  3.66365698e+00,
        -1.42050485e+00,  6.77516194e+00,  4.11158889e+00,
         3.80476369e-01, -1.43869803e-01,  3.60219960e+00,
        -5.37870097e-01],
