query,context,provided_answer,top_k,doc_id,FM_matrix,scoring,FM_matrix_groundtruth
What kind of energy does the facility hovering the planet Xylos produce?,"[[[""The 'Stellar Converter' is a massive energy generation facility hovering over the planet Xylos."", ""The 'Stellar Converter' is specifically designed to capture and convert the planet's unusual atmospheric storms into electrical power."", ""The 'Geothermal Siphon' is engineered to harness and transform the planet's powerful volcanic activity into heat energy."", ""The 'Solar Matrix' has a specific design for gathering and transforming the binary star's energy into solar power."", 'Atmospheric storms on Xylos are exceptionally powerful.', 'Building the converter required significant resources.', 'The generated power is distributed across the planet.', 'Other planets in the system have different energy needs.', 'Maintenance of the facility is a complex operation.', 'The Stellar Converter is a recent technological achievement.']]]","The facility hovering over the planet Xylos, specifically the 'Stellar Converter', produces electrical power.",,"[[['A', 'B', 'C', 'D', 'E', 'F', 'G', 'H', 'I', 'J']]]","[array([[ 4.79969265e+02, -1.27858440e+01,  4.21867463e+00,
        -1.60226983e-01, -3.36235595e+00, -2.38455889e+00,
        -1.78404452e+00, -2.44882097e+00, -1.84565385e+00,
        -1.16063699e+01],
       [-1.27858440e+01,  4.04419547e+01, -7.42796029e+00,
        -1.95007781e+00,  2.04818528e-01,  1.43211924e-01,
        -3.79620202e+00,  3.22037421e-01,  7.40769753e-01,
        -7.82275583e+00],
       [ 4.21867463e+00, -7.42796029e+00,  2.50616444e+00,
        -1.24444421e+00, -9.06525860e-02, -1.94330307e+00,
         6.78494392e-01,  6.52802737e-01, -8.33207534e-02,
         9.90900993e-01],
       [-1.60226983e-01, -1.95007781e+00, -1.24444421e+00,
         2.37747053e+00,  2.98827298e-01,  2.92606064e+00,
         5.14249395e-01, -7.21821611e-01,  4.08676612e-02,
         9.57892290e-01],
       [-3.36235595e+00,  2.04818528e-01, -9.06525860e-02,
         2.98827298e-01,  2.28550781e+00,  2.27600063e+00,
         2.89928878e+00,  2.80058052e+00,  1.45270565e+00,
         1.36200282e-01],
       [-2.38455889e+00,  1.43211924e-01, -1.94330307e+00,
         2.92606064e+00,  2.27600063e+00,  5.34538503e+00,
         2.82277404e+00,  1.52297346e+00,  1.30743240e+00,
         7.60798687e-01],
       [-1.78404452e+00, -3.79620202e+00,  6.78494392e-01,
         5.14249395e-01,  2.89928878e+00,  2.82277404e+00,
         4.08981277e+00,  3.58009077e+00,  1.78612687e+00,
         9.07656242e-01],
       [-2.44882097e+00,  3.22037421e-01,  6.52802737e-01,
        -7.21821611e-01,  2.80058052e+00,  1.52297346e+00,
         3.58009077e+00,  3.96152306e+00,  1.84034580e+00,
        -1.61034278e-01],
       [-1.84565385e+00,  7.40769753e-01, -8.33207534e-02,
         4.08676612e-02,  1.45270565e+00,  1.30743240e+00,
         1.78612687e+00,  1.84034580e+00,  9.39379353e-01,
        -7.48812869e-02],
       [-1.16063699e+01, -7.82275583e+00,  9.90900993e-01,
         9.57892290e-01,  1.36200282e-01,  7.60798687e-01,
         9.07656242e-01, -1.61034278e-01, -7.48812869e-02,
         2.06598809e+00]])]","[{'Exact': array([13.81225934, 23.99767985,  5.65754538,  3.31890994,  1.10585544,
        0.84633937,  2.94645155,  0.55680202, -1.1821624 ,  7.28497837]), 'ContextCite32': array([14.25183716, 19.57602759,  8.64017524,  0.28643849,  1.0958939 ,
        0.89432915,  5.10617098, -3.48066877,  3.4787479 ,  9.84891791]), 'KernelShap32': array([11.653768  , 22.22998282,  2.24584156,  1.28599029,  5.34566137,
        2.65922977, -1.56579028, -3.56541078,  1.18559312,  7.53968809]), 'WSS32': array([ 14.96926899,   8.18441909,   8.36473692, -13.1757214 ,
        10.73683488,   3.63482389,  12.65927963,   1.09633573,
         5.73006081,   3.86260214]), 'BetaShap (U)32': array([ 3.32956273e+01,  5.35361872e+01,  3.42514576e+00,  1.37055335e+01,
       -3.15890215e+00,  3.04549443e-01,  9.51099269e-02, -1.97765241e-02,
        4.99977523e-01,  1.90900050e-01]), 'TMC32': array([16.74851513, 31.51497757,  3.60065603,  6.89960366, -3.02994442,
        0.8075316 ,  0.09377607,  1.37833222,  0.48146375, -0.09889162]), 'ContextCite64': array([12.56089929, 22.03402194,  5.90535834,  2.74618827,  0.68422002,
        0.89614626,  4.80781255,  0.17828658,  0.90932013,  7.58903225]), 'KernelShap64': array([11.63060561, 24.77828852, -0.55981609,  3.30789914,  0.40122012,
        0.32419933,  1.67235042, -0.28457252, -1.31017736,  5.98030277]), 'WSS64': array([10.22093569, 20.688361  ,  3.76411227,  1.95452613,  2.57732411,
        1.61483342,  3.8071714 ,  0.54917116, -0.07008118,  3.76836121]), 'BetaShap (U)64': array([ 3.32955504e+01,  5.35361906e+01,  5.14442584e+00,  1.37055206e+01,
        1.19738790e-01,  3.04547194e-01,  3.98760868e-02,  4.62726942e+00,
       -4.57408176e+00,  4.40225652e+00]), 'TMC64': array([11.5383219 , 31.91708452,  5.06193131,  5.68700543, -1.25740896,
       -0.34425776,  0.04749584,  2.23029444, -1.46065658,  4.72420329]), 'ContextCite100': array([11.73650408, 20.50678876,  4.36149078,  1.79595502,  0.42622223,
        2.26655901,  2.42881929,  2.65844434,  1.04771792,  6.42869103]), 'KernelShap100': array([12.17425183, 23.96192452,  2.62676146,  2.3814075 ,  0.        ,
        0.87135928,  1.92408136, -0.25108007, -0.60844706,  5.86049949]), 'WSS100': array([12.15325606, 20.5573206 ,  4.22002604,  1.40722463,  1.08958735,
        0.76229264,  1.33756418, -0.44024035, -0.66201105,  5.4753895 ]), 'BetaShap (U)100': array([15.81818978, 53.53611752, 17.29409337, 13.70551902,  0.11973997,
        0.30454779,  2.30406412,  4.16256498, -4.57408542, 24.42854294]), 'TMC100': array([13.22409538, 25.59498402,  5.47147101,  5.05658585, -0.65116794,
        0.08448968,  1.8133293 ,  2.03405309, -1.38071717,  8.50606247]), 'LOO': array([ 7.07945538, 10.33670712,  3.26128674,  0.82428598,  0.11974239,
        0.30454826, -0.20966005, -0.01978087,  0.26525974,  0.65031672])}]","[[  0.         -13.31915785   2.0177309   -0.15307319  -2.58321614
   -2.53848633  -0.56898378  -1.17771578   2.81234976 -10.70567512]
 [-13.31915785   0.         -11.19441605  -4.16745576  -0.35233651
   -0.60207623  -4.56023455  -0.40301277   0.56451323  -9.16536651]
 [  2.0177309  -11.19441605   0.          -3.49213157  -1.01209671
    1.59765251  -2.51104693   0.09513798   0.797526    -0.3312703 ]
 [ -0.15307319  -4.16745576  -3.49213157   0.          -2.02331009
    0.82396219  -2.91797248  -0.10486472   0.24612675  -1.09254247]
 [ -2.58321614  -0.35233651  -1.01209671  -2.02331009   0.
    0.14164232  -1.77938183  -1.36016396  -0.69546473  -1.17755029]
 [ -2.53848633  -0.60207623   1.59765251   0.82396219   0.14164232
    0.           0.26178376  -1.39776092   0.69093463  -0.81077991]
 [ -0.56898378  -4.56023455  -2.51104693  -2.91797248  -1.77938183
    0.26178376   0.          -1.03702642  -0.16111436   0.68518521]
 [ -1.17771578  -0.40301277   0.09513798  -0.10486472  -1.36016396
   -1.39776092  -1.03702642   0.           0.08984239  -1.67501852]
 [  2.81234976   0.56451323   0.797526     0.24612675  -0.69546473
    0.69093463  -0.16111436   0.08984239   0.           0.49464657]
 [-10.70567512  -9.16536651  -0.3312703   -1.09254247  -1.17755029
   -0.81077991   0.68518521  -1.67501852   0.49464657   0.        ]]"
What is the primary defense of the creatures populating the Subterranean Caves?,"[[[""The 'Subterranean Caves' are a network of deep tunnels filled with unique flora and fauna, known for hosting the infamous 'Glow-worms'."", 'Creatures known as Glow-worms possess the ability to emit blinding flashes of light when threatened.', 'When faced with danger, Stone-Shells can withdraw into a mineral-hardened shell that is impossible to break.', 'When faced with danger, Echo-Bats can produce a confusing, high-pitched sound.', 'The blinding flash temporarily disorients predators.', 'Exploration of the caves is restricted.', 'Other cave dwellers have different survival strategies.', 'The light emitted is surprisingly intense.', 'Glow-worms are typically small and segmented.', 'The caves are constantly expanding due to seismic activity.']]]","The primary defense of the creatures populating the Subterranean Caves include:

1.  The blinding flash of light emitted by the Glow-worms.
2.  The ability of Stone-Shells to withdraw into a mineral-hardened shell.
3.  The production of a confusing, high-pitched sound by the Echo-Bats.",,"[[['A', 'B', 'C', 'D', 'E', 'F', 'G', 'H', 'I', 'J']]]","[array([[226.07773884, -18.61324517,   2.6273371 ,  -1.22889851,
          4.89723494,   1.09415295,  -1.8462346 ,   1.71962878,
         -6.28022842,  -2.14431622],
       [-18.61324517,   3.44331555,   4.37173762,   0.4132564 ,
          0.39650697,  -1.60462952,  -2.07381517,  -1.61296949,
         -0.86684316,   1.67946616],
       [  2.6273371 ,   4.37173762,  14.53659856,   5.67635166,
          2.86658123,  -1.53360944,  -3.17479391,  -2.08766505,
         -0.90762439,   4.90140266],
       [ -1.22889851,   0.4132564 ,   5.67635166,   7.11268196,
          0.70729514,   2.72819703,   2.76480736,   0.52479433,
          3.19059211,   1.77204138],
       [  4.89723494,   0.39650697,   2.86658123,   0.70729514,
          7.97966083,  -0.32439344,  -0.59446864,  13.64114229,
          1.48326453,   4.82776949],
       [  1.09415295,  -1.60462952,  -1.53360944,   2.72819703,
         -0.32439344,   2.46584591,   3.07350278,   1.56002228,
          2.50378421,  -0.54444925],
       [ -1.8462346 ,  -2.07381517,  -3.17479391,   2.76480736,
         -0.59446864,   3.07350278,   3.98765359,   2.25081105,
          3.18646593,  -1.00286189],
       [  1.71962878,  -1.61296949,  -2.08766505,   0.52479433,
         13.64114229,   1.56002228,   2.25081105,  27.98569307,
          4.99820086,   6.7727155 ],
       [ -6.28022842,  -0.86684316,  -0.90762439,   3.19059211,
          1.48326453,   2.50378421,   3.18646593,   4.99820086,
          3.2852541 ,   0.74690676],
       [ -2.14431622,   1.67946616,   4.90140266,   1.77204138,
          4.82776949,  -0.54444925,  -1.00286189,   6.7727155 ,
          0.74690676,   3.79006188]])]","[{'Exact': array([ 5.13612122, 16.92549923, 56.42842567, 56.48502417,  5.9218327 ,
       -0.93847894,  2.59059546, -1.75147328,  2.05342093, -0.50758432]), 'ContextCite32': array([ 8.33370355, 20.80869219, 50.43397563, 52.47723696, 11.03776127,
        4.43937704,  5.29395722,  1.87088306,  7.96236936, -1.40667404]), 'KernelShap32': array([ 4.13731467, 17.58578201, 53.14434937, 54.82311594,  6.54677807,
        2.91352782,  1.86831405,  2.5867092 ,  1.20647076,  3.22011431]), 'WSS32': array([-3.46957857,  9.72883242, 58.14606777, 56.9591766 ,  4.03835901,
        2.442965  ,  4.07315303, -2.23704598,  7.76010096,  5.07594775]), 'BetaShap (U)32': array([ 8.23681753, 18.64364979, 57.1715093 , 46.09828777,  6.41490521,
        0.21062835,  7.85047896,  0.96926283,  1.08876924, -1.44859749]), 'TMC32': array([ 4.75070763,  9.19808769, 56.05301285, 56.54764652,  6.43633525,
        0.3556571 ,  7.81344604, -0.43965181,  1.16105143, -1.29531479]), 'ContextCite64': array([ 6.71442225, 19.49121098, 54.29092684, 53.94994081,  4.80283551,
        2.22393241,  2.43357955,  2.20014377,  5.59405986, -0.54032727]), 'KernelShap64': array([ 4.74768044, 18.64449002, 54.60732773, 54.16541611,  4.90807435,
       -2.86035912,  2.42275139,  1.5945758 ,  5.28583571,  3.59526254]), 'WSS64': array([ 6.80607131e+00,  1.99711467e+01,  5.32968686e+01,  5.13344363e+01,
        5.50246743e+00, -2.86052062e+00,  4.69655798e+00,  3.70518190e-01,
       -1.13038336e-02, -2.22954738e-01]), 'BetaShap (U)64': array([ 8.23679331, 18.64366976, 56.08346991, 46.09830227,  7.39987452,
        0.21062758,  5.390776  , -5.63717814, -1.42683222, -0.86704311]), 'TMC64': array([ 2.45969636, 16.47369814, 56.02776957, 55.8828721 ,  6.52489771,
        0.08497783,  5.46109962, -1.14418304,  1.19432878, -0.79477119]), 'ContextCite100': array([ 5.71882972, 19.08174488, 55.54602256, 52.7692168 ,  5.82458298,
        1.8710286 ,  3.62851154,  1.13164065,  3.95546435,  0.11013875]), 'KernelShap100': array([ 5.10009534, 17.21719959, 57.22635768, 55.4502597 ,  6.97519207,
       -3.50809625,  0.9424429 ,  2.40653515,  3.75397011,  3.06477352]), 'WSS100': array([ 5.28582945, 21.70268508, 54.21239274, 55.36768918,  6.12772752,
       -4.37005409,  3.05507353, -2.55175732,  3.23739295,  0.45900357]), 'BetaShap (U)100': array([ 4.83475349, 18.64367356, 51.4069798 , 46.09829659,  7.39987059,
        0.21062835,  1.76066525, -4.97653351, -1.42683837, -0.61572291]), 'TMC100': array([ 4.51306666, 18.56057886, 55.65718842, 54.20235928,  5.35107781,
        0.47642209,  2.73577833, -0.32816076,  0.75949962, -0.66292254]), 'LOO': array([ 3.13371849, 12.55647564, 66.80541897, 69.0006094 ,  7.39987659,
        0.21062756, -0.15240192,  0.96926785,  0.19305325,  0.21410084])}]","[[  0.         -11.69998196   2.63910051   4.25197004   2.8538293
   -1.21881839   0.14174308   1.19755046  -2.58826787  -0.68023834]
 [-11.69998196   0.           4.89850985   2.77781774  -2.91899987
    0.06956805   1.12831653   0.83600147  -3.62318052   2.44474759]
 [  2.63910051   4.89850985   0.           7.690215     0.94223308
   -0.91990553  -1.46531259  -0.2868525    1.42310838   0.47738612]
 [  4.25197004   2.77781774   7.690215     0.          -1.62322373
    2.2432506    0.81074136   4.51833546   1.35783369   0.87540264]
 [  2.8538293   -2.91899987   0.94223308  -1.62322373   0.
   -3.05415892  -1.68392691   5.68925122   1.69568603  -0.46587098]
 [ -1.21881839   0.06956805  -0.91990553   2.2432506   -3.05415892
    0.           1.58881793  -1.19535305   1.20904571  -0.52509399]
 [  0.14174308   1.12831653  -1.46531259   0.81074136  -1.68392691
    1.58881793   0.          -1.9720142    0.99213393  -1.65695135]
 [  1.19755046   0.83600147  -0.2868525    4.51833546   5.68925122
   -1.19535305  -1.9720142    0.           0.95793244   0.16483097]
 [ -2.58826787  -3.62318052   1.42310838   1.35783369   1.69568603
    1.20904571   0.99213393   0.95793244   0.           0.19561082]
 [ -0.68023834   2.44474759   0.47738612   0.87540264  -0.46587098
   -0.52509399  -1.65695135   0.16483097   0.19561082   0.        ]]"
What is the main function of the device recently discovered in desert ruins?,"[[[""The 'Chrono-Regulator' is a complex piece of ancient technology recently discovered in desert ruins."", ""Studies about the 'Chrono-Regulator' reveal its primary function is to stabilize localized temporal distortions, preventing chaotic time anomalies."", ""Research on the 'Weather-Core' indicates that its main purpose is to manage and govern the regional weather, thereby stopping severe dust storms."", ""Research on the 'Energy-Harmonizer' indicates that its main purpose is to cleanse and reroute ley-line energy, thereby averting magical disasters."", 'The Chrono-Regulator requires an external power source to function.', 'Artifacts like this are highly sought after by historians.', 'The device is made of unknown alloys.', 'Stabilizing temporal distortions is a challenging task.', 'The Chrono-Regulator emits a faint hum when active.', ""Its creators' motives remain unknown.""]]]","The main function of the 'Chrono-Regulator' is to stabilize localized temporal distortions, preventing chaotic time anomalies.",,"[[['A', 'B', 'C', 'D', 'E', 'F', 'G', 'H', 'I', 'J']]]","[array([[ 2.02606244e+02, -9.87801848e+00,  2.45669096e-01,
        -3.54888007e+00, -6.74877868e+00,  1.42839388e+00,
        -3.69716249e+00,  2.06882080e+00, -5.57030872e+00,
        -3.28229953e+00],
       [-9.87801848e+00,  5.26695542e+01, -7.78611123e-01,
        -5.69172282e+00, -2.88028806e+00,  2.74171725e+00,
         3.40715192e+00, -1.24932555e+01, -1.14465818e+00,
        -8.97062244e-01],
       [ 2.45669096e-01, -7.78611123e-01,  3.97045074e+00,
        -2.18418545e+00,  6.25204641e-01, -1.80280529e+00,
         7.80271023e-01,  2.27639648e+00, -2.12053367e+00,
         8.02010910e-01],
       [-3.54888007e+00, -5.69172282e+00, -2.18418545e+00,
         2.02607942e+00,  1.35157705e-01,  8.40360247e-01,
        -5.93132972e-01,  3.71941350e-01,  1.59797098e+00,
        -1.79486466e-01],
       [-6.74877868e+00, -2.88028806e+00,  6.25204641e-01,
         1.35157705e-01,  5.17494693e-01, -6.61494039e-01,
        -1.41400993e-01,  7.80279760e-01, -1.68352083e-01,
         1.90288068e-01],
       [ 1.42839388e+00,  2.74171725e+00, -1.80280529e+00,
         8.40360247e-01, -6.61494039e-01,  4.74522766e+00,
         3.77434087e+00,  3.11572550e+00,  3.47183246e+00,
         1.70228839e+00],
       [-3.69716249e+00,  3.40715192e+00,  7.80271023e-01,
        -5.93132972e-01, -1.41400993e-01,  3.77434087e+00,
         4.64834271e+00,  4.58213461e+00,  2.34008200e+00,
         2.40684691e+00],
       [ 2.06882080e+00, -1.24932555e+01,  2.27639648e+00,
         3.71941350e-01,  7.80279760e-01,  3.11572550e+00,
         4.58213461e+00,  9.88570915e+00,  2.41433886e+00,
         3.27647668e+00],
       [-5.57030872e+00, -1.14465818e+00, -2.12053367e+00,
         1.59797098e+00, -1.68352083e-01,  3.47183246e+00,
         2.34008200e+00,  2.41433886e+00,  3.17279198e+00,
         1.17435626e+00],
       [-3.28229953e+00, -8.97062244e-01,  8.02010910e-01,
        -1.79486466e-01,  1.90288068e-01,  1.70228839e+00,
         2.40684691e+00,  3.27647668e+00,  1.17435626e+00,
         1.43182460e+00]])]","[{'Exact': array([ 9.93653416, 52.11007561,  3.50700676,  4.13722439,  5.31642504,
       -0.47139079,  0.96365756,  7.92923252,  4.04837509,  0.16468916]), 'ContextCite32': array([ 7.76281732, 53.70080102,  3.61628676,  5.48046335,  0.85083894,
       -2.12089421, -1.83663006, 10.29685345,  2.85739116,  3.89173468]), 'KernelShap32': array([ 4.76961899, 50.19828352,  5.20056916,  5.20030384,  5.92951209,
        0.90321349, -0.45709672, 11.1284037 ,  4.33060292, -2.28405121]), 'WSS32': array([  7.47918974,  28.61521502,  -3.14744793,  -1.12847496,
        25.05232725,  18.80042154,  -5.2641471 ,   8.09349573,
        13.70209139, -10.51072933]), 'BetaShap (U)32': array([ 3.96640806e+01,  8.67596338e+01,  2.05142633e-01,  2.29642103e+01,
        3.63909307e+00,  1.47869358e-01,  4.77929071e-01, -8.30747305e-02,
        1.25470475e-01, -1.73752777e+00]), 'TMC32': array([14.11928511, 59.19169939,  0.19763899, 11.53955726,  3.45965805,
       -0.55753022,  0.46043591,  1.78737575,  0.10731928, -1.26213236]), 'ContextCite64': array([ 7.69296806, 49.78581167,  2.25402127,  2.98335485,  3.24536834,
       -0.60169732,  0.31472979,  8.87195005,  1.89063244,  2.1256041 ]), 'KernelShap64': array([ 6.19995888e+00,  5.10573351e+01,  3.58615040e+00,  1.85128588e+00,
        5.10711796e+00, -1.05558404e+00,  2.19520507e-02,  8.33407975e+00,
        3.80278104e+00, -1.90522515e+00]), 'WSS64': array([ 9.74736261, 49.24595729,  2.16372639,  1.42651613,  1.30806218,
       -1.55587593,  0.72100036,  7.09743846,  0.51392021,  2.95681201]), 'BetaShap (U)64': array([39.6639812 , 86.75963351, -0.36535372, 22.96417721,  0.33872244,
        0.14786915,  0.53720169, 18.66099111, 25.48646386, -1.34619255]), 'TMC64': array([ 9.15648287, 58.78264314, -0.40294601,  6.61196653,  1.88189584,
       -0.77585053,  0.53111824,  9.33791523,  4.22908442, -1.17986702]), 'ContextCite100': array([ 7.85864658, 49.2667693 ,  2.34600806,  0.96121435,  2.63206805,
       -0.35560109, -0.12290836,  7.71830108,  1.12742815,  2.08885171]), 'KernelShap100': array([ 7.65466845, 50.59297609,  3.3513699 ,  2.56236636,  4.50838572,
       -0.9407115 ,  0.31101135,  7.77612415,  2.31758974, -3.06274062]), 'WSS100': array([ 9.08720447, 51.04188433,  2.20316881,  2.08708128,  1.65963749,
       -2.80463303,  0.27353025,  5.36394307,  0.23998372,  1.18268621]), 'BetaShap (U)100': array([15.14267059, 86.75957841, 20.20926677, 22.96417796,  0.33872583,
        0.14786741,  0.11645112, 16.78658902, 25.48649605,  7.76795203]), 'TMC100': array([ 7.35746892, 59.2712969 ,  0.86766848,  6.24914037,  2.77641726,
       -1.40646671,  0.15509015,  9.9043443 ,  4.71941868, -0.99846665]), 'LOO': array([ 2.88196826, 35.90786648,  0.22980952,  0.13683486,  0.3387183 ,
        0.14787078,  0.12837946, -0.08308083,  0.21569121,  0.12641466])}]","[[  0.          -9.13777516  -2.33198049  -3.690599    -8.21201726
   -0.56507448  -1.77737515  -2.07240893  -7.52308941  -1.47187354]
 [ -9.13777516   0.          -7.6764779   -8.04130177  -5.88764914
    1.23959662  -1.1787492  -15.94166104  -4.92004444   0.69221627]
 [ -2.33198049  -7.6764779    0.          -1.69921153  -2.15785338
    0.02450365  -2.14213275  -1.7632547   -0.99050799  -1.24271753]
 [ -3.690599    -8.04130177  -1.69921153   0.          -3.31213093
    0.03521742  -1.71490917  -3.00506717  -1.07725942  -0.32213699]
 [ -8.21201726  -5.88764914  -2.15785338  -3.31213093   0.
   -0.90156636  -1.20376967  -2.01630179  -5.3165176   -0.22207148]
 [ -0.56507448   1.23959662   0.02450365   0.03521742  -0.90156636
    0.          -2.94045637  -0.08646325  -1.09511911  -1.54250367]
 [ -1.77737515  -1.1787492   -2.14213275  -1.71490917  -1.20376967
   -2.94045637   0.          -1.37620865  -1.90715314  -1.15551702]
 [ -2.07240893 -15.94166104  -1.7632547   -3.00506717  -2.01630179
   -0.08646325  -1.37620865   0.          -0.95948451  -0.89528897]
 [ -7.52308941  -4.92004444  -0.99050799  -1.07725942  -5.3165176
   -1.09511911  -1.90715314  -0.95948451   0.          -1.48172831]
 [ -1.47187354   0.69221627  -1.24271753  -0.32213699  -0.22207148
   -1.54250367  -1.15551702  -0.89528897  -1.48172831   0.        ]]"
What is the composition of the natural wonder of planet Ntunu?,"[[[""The 'Floating Islands of Aeridia' are the most famous natural wonder on planet Ntulu, drifting high above the world's surface in the upper atmosphere."", ""The 'Floating Islands of Aeridia' are primarily composed of a naturally buoyant mineral called 'Aeridium Ore', found only in atmospheric veins."", ""The 'Crystalline Spires' mainly consist of 'Luxite', a distinctive type of hardened light, exclusively located at the intersections of the planet's magnetic fields."", ""The 'Living Bridges of Yggdras' mainly consist of 'Root-Weave', a self-renewing, intelligent, wood-resembling fungal growth."", 'Aeridium Ore is lightweight and crystalline.', 'The islands move slowly across the sky.', 'Many cultures consider the islands sacred.', 'The ore has no other known practical use.', 'Large waterfalls cascade from the edges of some islands.', 'Studies are ongoing to understand how the ore retains buoyancy.']]]","The composition of the natural wonder of the 'Floating Islands of Aeridia' is primarily Aeridium Ore, a naturally buoyant mineral.",,"[[['A', 'B', 'C', 'D', 'E', 'F', 'G', 'H', 'I', 'J']]]","[array([[ 1.15954737e+02, -2.88837949e+01, -1.22576377e+00,
        -2.12746135e+00, -8.64053150e+00,  1.59786613e-02,
         5.67022270e-01,  1.47208118e+00,  1.95853866e+00,
         7.52651344e-01],
       [-2.88837949e+01,  3.06978790e+02,  4.06732843e+00,
        -2.06770175e+00, -2.59822015e+01,  1.28513285e+00,
         2.04040942e-01,  2.00518391e-02,  1.28081571e+00,
        -9.95278026e+00],
       [-1.22576377e+00,  4.06732843e+00,  1.57384117e+01,
         2.83060789e+00,  4.50273103e+00, -1.89163956e+00,
        -1.93393937e-01, -2.59902219e+00,  3.45319533e+00,
         2.02966966e+00],
       [-2.12746135e+00, -2.06770175e+00,  2.83060789e+00,
         1.03076366e+00,  1.07029308e+00, -5.26904803e-01,
        -1.73123221e-01, -2.23842138e-01,  3.23131614e-02,
         1.10207068e-01],
       [-8.64053150e+00, -2.59822015e+01,  4.50273103e+00,
         1.07029308e+00,  4.81604083e+00, -6.28931467e-01,
        -7.92201153e-02, -1.05091816e+00,  9.69809501e-01,
         1.66807473e+00],
       [ 1.59786613e-02,  1.28513285e+00, -1.89163956e+00,
        -5.26904803e-01, -6.28931467e-01,  3.01091081e-01,
         7.15848795e-02,  2.13881297e-01, -2.09691749e-01,
        -1.73227770e-01],
       [ 5.67022270e-01,  2.04040942e-01, -1.93393937e-01,
        -1.73123221e-01, -7.92201153e-02,  7.15848795e-02,
         3.98858621e-02, -3.64603848e-02,  1.18402936e-01,
         6.28123752e-02],
       [ 1.47208118e+00,  2.00518391e-02, -2.59902219e+00,
        -2.23842138e-01, -1.05091816e+00,  2.13881297e-01,
        -3.64603848e-02,  6.13470222e-01, -8.71110029e-01,
        -5.73016498e-01],
       [ 1.95853866e+00,  1.28081571e+00,  3.45319533e+00,
         3.23131614e-02,  9.69809501e-01, -2.09691749e-01,
         1.18402936e-01, -8.71110029e-01,  1.44936906e+00,
         8.50302037e-01],
       [ 7.52651344e-01, -9.95278026e+00,  2.02966966e+00,
         1.10207068e-01,  1.66807473e+00, -1.73227770e-01,
         6.28123752e-02, -5.73016498e-01,  8.50302037e-01,
         8.93219708e-01]])]","[{'Exact': array([ 1.77416167e+01,  5.64720943e+01, -2.17107472e+00,  6.81648743e-01,
        1.59934679e+01,  2.38156714e+00,  4.37976917e-02,  2.12407212e+00,
        4.21004907e-01,  6.45106880e+00]), 'ContextCite32': array([27.01105353, 56.13826452, -4.74537543,  1.82509927, 24.88407332,
       -2.03407306, -3.50599357, -0.13983493,  1.99241207,  7.43983576]), 'KernelShap32': array([18.8620204 , 52.61647762, -1.67178041, -1.38320112, 21.47786795,
        5.53662927, -3.1665439 ,  1.27472643,  4.00689279,  9.30170566]), 'WSS32': array([ 32.33527063,  20.37780978,  -8.81964496, -17.90523607,
        35.81217778,  15.8298251 ,  10.5187325 ,   0.35119978,
         6.69368413,   2.57128356]), 'BetaShap (U)32': array([ 4.90614833e+01,  1.00320047e+02,  5.62946766e-01,  1.06187401e+01,
        1.12498405e+01,  9.39622411e-01, -6.21251854e-01,  6.59664735e-01,
        4.11120765e-02,  2.82717516e+00]), 'TMC32': array([ 1.74030623e+01,  6.71609805e+01,  6.40900930e-01,  4.97428882e+00,
        1.05827419e+01,  3.80061269e-01, -5.91850917e-01, -3.22401047e-01,
        3.59549522e-02,  2.08836949e+00]), 'ContextCite64': array([18.66230879, 56.63254331, -0.38723405,  3.70452132, 17.05380428,
       -3.11737928, -1.68841494,  3.05566091,  1.51789908,  8.03095602]), 'KernelShap64': array([16.37800376, 56.0019166 , -5.48967771, -0.        , 13.30244784,
        1.58833858,  1.1436408 ,  0.70901469,  2.53479543,  5.59151763]), 'WSS64': array([15.63846113, 52.7125075 , -4.01492287,  2.94512573, 12.50688043,
        1.88259664, -2.08243717,  2.25125219,  0.40859846,  4.86190723]), 'BetaShap (U)64': array([ 49.06135528, 100.32008213,  -2.63765701,  10.6187231 ,
         1.22495528,   0.93962331,   0.39744905,  10.22207646,
         4.02385746,   3.41514467]), 'TMC64': array([10.44729178, 79.4982028 , -2.65155327,  2.19689298,  4.96007429,
        0.8604128 ,  0.39089787,  3.32901049, -0.49269676,  3.26117373]), 'ContextCite100': array([ 1.56125580e+01,  5.40911400e+01, -5.68908754e-01,  1.24458191e-01,
        1.62152288e+01, -1.71820845e+00,  4.67824813e-03,  3.22453102e+00,
        2.75397408e+00,  6.25842916e+00]), 'KernelShap100': array([16.76658313, 54.81459087, -4.31236218,  0.92250871, 13.71156349,
        1.97884614,  1.36288495,  0.76039022,  0.36624981,  4.40912767]), 'WSS100': array([15.2883003 , 55.22929974, -1.90732643,  0.56817352, 14.78373847,
       -0.08363544,  0.06016076,  1.18473418, -0.12624904,  5.96253902]), 'BetaShap (U)100': array([ 17.30394996, 100.31999185,   0.88678558,  10.61872313,
         1.22495943,   0.93962356,  -0.46441191,   9.26583799,
         4.02386899,  19.27115991]), 'TMC100': array([14.12535473, 70.42581987, -1.86122811,  1.96372453,  5.81482719,
        1.00734138, -0.16759872,  3.39206008,  0.40392102,  5.6696043 ]), 'LOO': array([ 1.42514849, 24.38469172,  0.4086194 , -0.21783733,  1.22494507,
        0.93962336,  0.47717333,  0.65966749,  0.39367056,  1.20373678])}]","[[ 0.00000000e+00 -3.04244971e+01 -2.40420094e+00 -3.72609843e+00
  -9.38455919e+00 -2.89153527e+00  8.85182246e-01 -9.44768468e-01
   1.79181258e+00 -5.37771442e-01]
 [-3.04244971e+01  0.00000000e+00  1.39964540e+00 -3.57881211e+00
  -2.78640095e+01 -2.18470777e+00  7.03699903e-01 -2.26129034e+00
  -8.23071884e-01 -1.09024058e+01]
 [-2.40420094e+00  1.39964540e+00  0.00000000e+00  2.28450848e+00
   2.54182458e+00 -2.26535800e+00  4.11969863e-01 -1.73635829e+00
   7.89697737e-01 -1.49991974e+00]
 [-3.72609843e+00 -3.57881211e+00  2.28450848e+00  0.00000000e+00
  -1.22892715e+00 -1.89788415e+00  2.51652949e-01 -1.59935213e+00
  -2.09262608e-02 -1.32075006e+00]
 [-9.38455919e+00 -2.78640095e+01  2.54182458e+00 -1.22892715e+00
   0.00000000e+00 -2.33784098e+00  3.30121936e-01 -2.81619419e+00
  -1.37163258e+00 -4.42772791e-01]
 [-2.89153527e+00 -2.18470777e+00 -2.26535800e+00 -1.89788415e+00
  -2.33784098e+00  0.00000000e+00 -9.69609667e-01 -1.11721484e+00
  -1.88956335e+00 -9.84277979e-01]
 [ 8.85182246e-01  7.03699903e-01  4.11969863e-01  2.51652949e-01
   3.30121936e-01 -9.69609667e-01  0.00000000e+00 -5.86451783e-01
  -2.70555490e-01  1.16846659e-01]
 [-9.44768468e-01 -2.26129034e+00 -1.73635829e+00 -1.59935213e+00
  -2.81619419e+00 -1.11721484e+00 -5.86451783e-01  0.00000000e+00
  -1.31074285e+00 -1.97126315e+00]
 [ 1.79181258e+00 -8.23071884e-01  7.89697737e-01 -2.09262608e-02
  -1.37163258e+00 -1.88956335e+00 -2.70555490e-01 -1.31074285e+00
   0.00000000e+00 -5.25234966e-01]
 [-5.37771442e-01 -1.09024058e+01 -1.49991974e+00 -1.32075006e+00
  -4.42772791e-01 -9.84277979e-01  1.16846659e-01 -1.97126315e+00
  -5.25234966e-01  0.00000000e+00]]"
What is the traditional weapon of the defenders of the Citadel?,"[[[""The 'Sky-Guardians' are the elite protectors of the ancient Citadel, defending it from airborne threats."", ""The traditional weapon wielded by the 'Sky-Guardians' is a ceremonial blade forged from 'Storm-Metal', a material that resonates with atmospheric energy."", ""The 'Sun-Wardens' typically use a shining spear capped with 'Sun-Stone', a substance capable of focusing solar power."", ""The 'Void-Sentinels' typically use a noiseless bow that shoots 'Shadow-Glass' arrows, a substance which nullifies both light and sound."", 'Storm-Metal is rare and difficult to work with.', 'The blades are passed down through generations.', 'Other guardians use different weapons.', 'The blades glow faintly during thunderstorms.', 'Training the Sky-Guardians is a rigorous process.', 'The Citadel has stood for millennia.']]]",The traditional weapon wielded by the 'Sky-Guardians' is a ceremonial blade forged from 'Storm-Metal'.,,"[[['A', 'B', 'C', 'D', 'E', 'F', 'G', 'H', 'I', 'J']]]","[array([[ 3.61956858e+02, -9.99597680e+00, -5.35518702e+00,
        -7.30454244e+00,  1.01065270e+00,  2.68879238e+00,
        -5.05272718e+00, -7.80152255e-01, -4.22003774e+00,
        -3.18738105e+00],
       [-9.99597680e+00,  1.78144335e+01,  4.83967470e-01,
        -1.01139637e+00, -1.66351807e+01, -4.44500944e+00,
         3.88278300e+00, -3.76947157e+00, -1.66469391e+00,
         2.47636819e+00],
       [-5.35518702e+00,  4.83967470e-01,  8.67190710e-01,
        -6.31105010e-02, -4.91719461e-01, -1.48137515e+00,
        -4.75017227e-01, -7.01372879e-01, -1.83808967e+00,
        -1.23300609e-01],
       [-7.30454244e+00, -1.01139637e+00, -6.31105010e-02,
         3.01100187e-01,  8.18561230e-01,  2.76829879e-01,
        -3.62663321e-01, -8.36579179e-02,  4.87283405e-01,
        -3.29177886e-01],
       [ 1.01065270e+00, -1.66351807e+01, -4.91719461e-01,
         8.18561230e-01,  1.85240204e+01,  6.27816686e+00,
        -8.02588621e-01,  7.64439519e+00,  2.65845098e+00,
        -3.68567363e-02],
       [ 2.68879238e+00, -4.44500944e+00, -1.48137515e+00,
         2.76829879e-01,  6.27816686e+00,  4.71558902e+00,
         1.87625903e+00,  4.68954742e+00,  4.06170925e+00,
         1.22787516e+00],
       [-5.05272718e+00,  3.88278300e+00, -4.75017227e-01,
        -3.62663321e-01, -8.02588621e-01,  1.87625903e+00,
         3.86663440e+00,  3.44819750e+00,  1.73872162e+00,
         2.81015119e+00],
       [-7.80152255e-01, -3.76947157e+00, -7.01372879e-01,
        -8.36579179e-02,  7.64439519e+00,  4.68954742e+00,
         3.44819750e+00,  6.92598176e+00,  2.78285510e+00,
         2.77943115e+00],
       [-4.22003774e+00, -1.66469391e+00, -1.83808967e+00,
         4.87283405e-01,  2.65845098e+00,  4.06170925e+00,
         1.73872162e+00,  2.78285510e+00,  4.81978232e+00,
         7.90339602e-01],
       [-3.18738105e+00,  2.47636819e+00, -1.23300609e-01,
        -3.29177886e-01, -3.68567363e-02,  1.22787516e+00,
         2.81015119e+00,  2.77943115e+00,  7.90339602e-01,
         2.14825108e+00]])]","[{'Exact': array([10.7218133 , 62.73605015,  4.46191058,  4.32813573, 10.00949236,
        1.24069628,  0.85320304,  1.57711571,  5.18150041,  0.38413462]), 'ContextCite32': array([ 7.50885549, 60.43483756,  1.77654535,  2.63164562, 22.59991977,
        1.90111536, -1.247487  ,  3.62647526,  7.78081113, -4.4228398 ]), 'KernelShap32': array([ 5.79185001, 58.07871143,  4.03759298,  4.03869078, 14.77149745,
        0.75780069, -3.56103565,  5.09370103,  1.51165187,  0.71117659]), 'WSS32': array([  8.9330963 ,  31.74445136,  11.92296501,  -1.63570449,
        21.08523578,  23.54497924,  14.45754935, -11.26132265,
         0.17953572,  -5.56371397]), 'BetaShap (U)32': array([ 4.29560308e+01,  9.80962114e+01,  4.14351895e-02,  2.63130913e+01,
        4.99384661e+00, -9.05516903e-02, -4.92191591e-01, -1.03284098e-02,
        3.23617068e-01, -3.38006890e-01]), 'TMC32': array([ 1.33139274e+01,  7.04833477e+01,  5.41062752e-02,  1.31495955e+01,
        4.71410950e+00,  3.16667795e-01, -4.69703794e-01,  9.95966077e-01,
        3.35570455e-01, -1.03250086e-01]), 'ContextCite64': array([ 5.54559677e+00,  6.25624034e+01,  2.03987160e+00,  3.28959971e+00,
        1.27635452e+01,  1.02931332e+00, -2.74558037e+00,  3.38991941e+00,
        4.64848755e+00,  1.03808224e-02]), 'KernelShap64': array([ 5.17954669, 59.66300188,  0.06527448,  2.72223919, 10.27073366,
       -0.69381362, -1.8141546 ,  2.29884502,  3.53659613, -0.49106335]), 'WSS64': array([ 6.21445834, 60.66931482,  0.7708726 ,  2.8817644 ,  8.82949222,
        1.58308255, -4.01977852,  0.97999087,  2.68403317,  1.17734473]), 'BetaShap (U)64': array([ 4.29559232e+01,  9.80962213e+01,  1.86816247e+00,  2.63130539e+01,
        1.58823375e-01, -9.05514901e-02, -6.84967241e-02,  6.61959986e+00,
        2.59671353e+01, -9.30337512e-01]), 'TMC64': array([ 8.70277006e+00,  7.35839692e+01,  1.82745666e+00,  7.79762220e+00,
        2.06687195e+00,  5.02781800e-01, -5.90286329e-02,  2.73125596e+00,
        6.19447203e+00, -9.08725984e-01]), 'ContextCite100': array([ 5.71144877, 60.4497433 ,  1.43160557,  1.23148286, 10.80562846,
        0.48586732, -1.6756086 ,  1.93623334,  4.10409847, -0.28268166]), 'KernelShap100': array([ 6.95665695, 59.46680921,  0.32445588,  3.15634702, 10.38865329,
       -0.77297907, -0.77195342,  0.86265279,  3.33764756, -1.84659082]), 'WSS100': array([ 6.66168276, 61.31247503,  0.57171372,  3.20762978,  8.41931974,
       -2.24654882, -1.2520557 , -1.25933917,  1.84591208,  0.38025248]), 'BetaShap (U)100': array([ 1.63741293e+01,  9.80961679e+01,  2.99353233e+01,  2.63130546e+01,
        1.58823592e-01, -9.05515644e-02,  1.34672486e+00,  5.95660818e+00,
        2.59671611e+01,  7.48005768e+00]), 'TMC100': array([ 7.17793759, 72.9001868 ,  3.73189968,  7.32547971,  1.84489765,
        0.27956162,  1.07858078,  2.74053235,  6.04755683, -0.58393558]), 'LOO': array([ 3.08318210e+00,  4.52086632e+01, -8.67795944e-03,  1.36494756e-01,
        1.58818245e-01, -9.05525684e-02,  6.11685514e-02, -1.03315115e-02,
        6.73764467e-01,  1.47796869e-01])}]","[[  0.         -10.26248034  -6.69109264  -8.15340796  -0.56091879
   -0.47670307  -2.89870422  -1.97963125  -8.11109111  -0.73891187]
 [-10.26248034   0.          -6.19510987  -5.46860871 -19.66771914
   -4.01567049   0.06205427  -3.02447868  -4.83732766   0.52171325]
 [ -6.69109264  -6.19510987   0.          -2.92911291  -4.11597014
   -2.22573357  -0.18372706  -2.20379432  -3.72084045  -1.67885912]
 [ -8.15340796  -5.46860871  -2.92911291   0.          -2.85784902
   -0.2343398   -1.02423184  -0.64025077  -3.42313601  -1.44568621]
 [ -0.56091879 -19.66771914  -4.11597014  -2.85784902   0.
    2.87700174  -0.7972001    1.5273118   -0.05566402  -0.4550743 ]
 [ -0.47670307  -4.01567049  -2.22573357  -0.2343398    2.87700174
    0.          -0.82107537  -1.32942528  -1.01054804  -0.98633713]
 [ -2.89870422   0.06205427  -0.18372706  -1.02423184  -0.7972001
   -0.82107537   0.          -1.1016984   -1.73601316  -1.14555674]
 [ -1.97963125  -3.02447868  -2.20379432  -0.64025077   1.5273118
   -1.32942528  -1.1016984    0.          -1.09409412  -0.09884845]
 [ -8.11109111  -4.83732766  -3.72084045  -3.42313601  -0.05566402
   -1.01054804  -1.73601316  -1.09409412   0.          -1.30477561]
 [ -0.73891187   0.52171325  -1.67885912  -1.44568621  -0.4550743
   -0.98633713  -1.14555674  -0.09884845  -1.30477561   0.        ]]"
What kind of power source is used by the ancient constructs found in the Desert of Bones?,"[[[""In the desolate 'Desert of Bones', ancient War Golems have been unearthed from the shifting sands."", ""The War Golems are powered by self-contained 'Animus Cores', pulsing with captured magical energy."", ""Internal 'Geothermal Converters' fuel the Sand-Crawlers, extracting heat from subterranean vents."", ""The Crystal Sentinels utilize complex 'Starlight Capacitors' to gradually accumulate and preserve cosmic power."", 'Animus Cores are remnants of powerful spirits.', 'The golems are still capable of limited function.', 'Other constructs use different power sources.', 'Retrieving a full Animus Core is extremely dangerous.', 'The sandstorms in the desert are legendary.', 'The golems were originally designed for defense.']]]","The ancient constructs found in the Desert of Bones use different power sources. 

- War Golems are powered by self-contained 'Animus Cores'.
- Sand-Crawlers are fueled by 'Geothermal Converters'.
- Crystal Sentinels utilize 'Starlight Capacitors'.",,"[[['A', 'B', 'C', 'D', 'E', 'F', 'G', 'H', 'I', 'J']]]","[array([[ 6.64781636e+02, -2.07594900e-01,  1.05230116e+01,
         9.63881275e+00, -4.70673062e+00, -1.20836854e+00,
         9.98149298e+00,  3.65039551e+00, -4.32138762e+00,
        -2.78407157e+00],
       [-2.07594900e-01,  7.52543108e+00,  9.83678784e+00,
         3.12257333e+00, -4.64036071e+00, -8.27467545e-02,
        -2.21606372e-01,  2.34620966e+00,  1.54704404e+00,
         6.62876375e-01],
       [ 1.05230116e+01,  9.83678784e+00,  3.18920680e+01,
         1.66151857e+01, -1.88041649e+00, -3.67417382e-01,
        -8.46126214e+00, -4.61429741e-01, -2.51166623e+00,
         2.98588198e+00],
       [ 9.63881275e+00,  3.12257333e+00,  1.66151857e+01,
         9.59133026e+00,  7.18659013e-01, -1.42119966e-01,
        -5.29468577e+00, -1.29381029e+00, -2.34352729e+00,
         1.58465645e+00],
       [-4.70673062e+00, -4.64036071e+00, -1.88041649e+00,
         7.18659013e-01,  4.07530459e+00, -1.67925935e-01,
        -2.13033013e+00, -2.37099240e+00, -1.94974090e+00,
         2.82200924e-01],
       [-1.20836854e+00, -8.27467545e-02, -3.67417382e-01,
        -1.42119966e-01, -1.67925935e-01,  1.46418157e-01,
         3.40899982e-01,  8.24528401e-02,  6.17061511e-02,
        -1.76412714e-01],
       [ 9.98149298e+00, -2.21606372e-01, -8.46126214e+00,
        -5.29468577e+00, -2.13033013e+00,  3.40899982e-01,
         4.28705908e+00,  1.69654410e+00,  1.88842339e+00,
        -1.27962484e+00],
       [ 3.65039551e+00,  2.34620966e+00, -4.61429741e-01,
        -1.29381029e+00, -2.37099240e+00,  8.24528401e-02,
         1.69654410e+00,  1.46946511e+00,  1.31495954e+00,
        -2.93227621e-01],
       [-4.32138762e+00,  1.54704404e+00, -2.51166623e+00,
        -2.34352729e+00, -1.94974090e+00,  6.17061511e-02,
         1.88842339e+00,  1.31495954e+00,  1.40385903e+00,
        -3.73136375e-01],
