{"query":"What kind of energy does the facility hovering the planet Xylos produce?","context":[[["Other planets in the system have different energy needs.","Maintenance of the facility is a complex operation.","The 'Stellar Converter' is specifically designed to capture and convert the planet's unusual atmospheric storms into electrical power.","Building the converter required significant resources.","The 'Solar Matrix' has a specific design for gathering and transforming the binary star's energy into solar power.","Atmospheric storms on Xylos are exceptionally powerful.","The 'Geothermal Siphon' is engineered to harness and transform the planet's powerful volcanic activity into heat energy.","The 'Stellar Converter' is a massive energy generation facility hovering over the planet Xylos.","The Stellar Converter is a recent technological achievement.","The generated power is distributed across the planet."]]],"provided_answer":"The facility hovering over planet Xylos, known as the 'Stellar Converter', produces electrical power by capturing and converting the planet's unusual atmospheric storms into electrical energy.","top_k":null,"doc_id":[[["H","I","B","F","D","E","C","A","J","G"]]],"FM_matrix":[[[212.0526181299,0.8934210339,6.3213768481,6.8827290403,0.9408852806,-9.0568865166,-3.9724020587,-1.5776521549,0.7000145812,-3.1792644971],[0.8934210339,2.1110629764,-0.9384849442,3.0613230267,-6.0163598263,-2.4875971667,-0.0938432092,-0.5431593103,0.2323411663,2.919824235],[6.3213768481,-0.9384849442,29.6319061667,6.7546618885,16.4517866977,-10.2938396068,-12.6627630343,-14.1393516186,-1.4805982212,-4.4364788725],[6.8827290403,3.0613230267,6.7546618885,18.0508432095,4.458269974,0.1404403369,-3.1419878924,-0.8759867145,4.0823070242,6.7830823389],[0.9408852806,-6.0163598263,16.4517866977,4.458269974,31.3862114896,7.5100497988,-5.277165829,-2.0246508498,2.0945437469,-6.9200873316],[-9.0568865166,-2.4875971667,-10.2938396068,0.1404403369,7.5100497988,11.8692624803,5.4298147107,8.6050403277,2.7927804322,0.0429338755],[-3.9724020587,-0.0938432092,-12.6627630343,-3.1419878924,-5.277165829,5.4298147107,5.5597242191,6.4540269792,0.7812758299,1.4198768394],[-1.5776521549,-0.5431593103,-14.1393516186,-0.8759867145,-2.0246508498,8.6050403277,6.4540269792,8.56460315,2.0367017947,1.9546445805],[0.7000145812,0.2323411663,-1.4805982212,4.0823070242,2.0945437469,2.7927804322,0.7812758299,2.0367017947,1.5918150926,1.7226742592],[-3.1792644971,2.919824235,-4.4364788725,6.7830823389,-6.9200873316,0.0429338755,1.4198768394,1.9546445805,1.7226742592,5.5168589749]]],"scoring":[{"Exact":[-4.0698461853,-2.5889389082,90.4411928346,-8.1065397795,-9.1080698289,-1.6209979249,5.8017599678,17.0959816152,0.31530956,-2.7631824399],"ContextCite32":[-12.4023157254,-6.2361259947,86.9866178256,-2.3535866146,-11.2048747512,19.6469449392,2.5365115331,24.2419118839,-0.3583262403,-1.1509302152],"KernelShap32":[-2.0958915081,-0.2736601109,89.7556394148,-6.3824272666,-10.0851866,0.7318788421,7.0160160355,16.7370969733,0.8229791868,0.0],"WSS32":[-9.3670072326,-5.6115569882,92.0635261106,-3.6754818046,-10.6003874096,3.7731141533,7.7884856833,17.6932621808,1.3194259424,-2.6560952341],"BetaShap (U)32":[-19.2186348565,-10.013439873,99.2048974642,-43.3208922863,-9.7023015038,-0.9911512885,20.1864616687,16.1386594184,-12.6502693424,-8.1622125643],"TMC32":[-14.3710079193,-6.0703258514,98.6420388222,-20.6996949911,-10.2889188131,4.0418708324,20.3628374736,30.7110288938,-13.1403299967,-6.2309951782],"ContextCite64":[-8.1942510643,-4.3744497436,85.392876515,-5.819240832,-10.9412855298,11.6471766777,9.1871299587,19.5681858678,0.3014580885,-2.7825797233],"KernelShap64":[-5.4560560744,1.800305226,90.5376604305,-5.2690267345,-10.3336267442,1.4455764729,6.8419524548,19.63370509,1.8096520271,-2.209725597],"WSS64":[-0.0371254711,0.0715123152,86.4563735678,-5.1047462438,-9.4267379467,3.2184380333,6.211366041,19.407990086,-3.6906968689,-5.2390721234],"BetaShap (U)64":[-19.2186113861,-10.0134381291,92.6427577737,-43.3208381347,1.8148394801,-0.9911506907,17.4630819118,8.6075576641,-16.4203557237,-4.1457326848],"TMC64":[-12.0075828007,-5.3414211273,92.2984592319,-15.0310294032,-5.1712846756,3.5797105517,17.736831218,17.1721890569,-6.9800107479,-3.1701683104],"ContextCite100":[-6.2399817621,-1.1741194043,90.4991276769,-6.6081755776,-6.6470934796,9.5577968028,10.038828251,21.2132613952,3.4030934077,0.1207080253],"KernelShap100":[-5.8260434883,0.8120765676,93.5467061899,-7.2984151097,-8.8134178794,2.3819902558,5.6775114551,25.2256715856,3.3460433144,-0.6798393092],"WSS100":[-2.8782201794,-0.334815925,88.6295840542,-3.1024449857,-5.1188337208,3.2135281017,8.2262260868,18.0913008455,3.2239625425,-1.3023745389],"BetaShap (U)100":[-3.0874039381,-10.0134178172,76.1172526607,-43.3208374673,1.814836086,-0.9911492856,12.3770185792,9.3606585357,-16.4203588194,-19.4793320855],"TMC100":[-8.7950391036,-2.9941417621,91.6182932456,-13.5265763203,-5.141343887,2.7456240654,13.4828144908,14.9594830672,-4.1502002936,-4.0200394193],"LOO":[4.9782557487,0.1111969948,97.7555251122,1.0936808586,1.8148560524,-0.9911561012,2.9254045486,16.1386256218,1.1107916832,-0.6326525211]}],"FM_matrix_groundtruth":"[[  0.          -2.052766     9.60500577   1.71407822   4.41524555\n   -1.00556691   5.82643519   4.43559641   0.97217367   0.28669704]\n [ -2.052766     0.           0.34669075   1.00199233   2.17581255\n    1.83660546  -0.94683674   4.29859376   2.28094616   1.18360936]\n [  9.60500577   0.34669075   0.          13.82064069  22.47656675\n   -9.00493756  -6.35353761 -12.06633537   0.83998849   1.9743339 ]\n [  1.71407822   1.00199233  13.82064069   0.           7.32205862\n    5.0154687    2.83941662   2.35568767   6.27804731   4.06722881]\n [  4.41524555   2.17581255  22.47656675   7.32205862   0.\n    6.50835676  -2.57818282   2.1914203    0.2300153    1.14157145]\n [ -1.00556691   1.83660546  -9.00493756   5.0154687    6.50835676\n    0.           3.55180742   9.3093739    5.52294402   1.45430413]\n [  5.82643519  -0.94683674  -6.35353761   2.83941662  -2.57818282\n    3.55180742   0.           2.38951266   1.98507244   4.0185869 ]\n [  4.43559641   4.29859376 -12.06633537   2.35568767   2.1914203\n    9.3093739    2.38951266   0.          -3.45784103   1.84062208]\n [  0.97217367   2.28094616   0.83998849   6.27804731   0.2300153\n    5.52294402   1.98507244  -3.45784103   0.           2.87986311]\n [  0.28669704   1.18360936   1.9743339    4.06722881   1.14157145\n    1.45430413   4.0185869    1.84062208   2.87986311   0.        ]]"}
{"query":"What is the primary defense of the creatures populating the Subterranean Caves?","context":[[["Other cave dwellers have different survival strategies.","Glow-worms are typically small and segmented.","The caves are constantly expanding due to seismic activity.","The light emitted is surprisingly intense.","Exploration of the caves is restricted.","When faced with danger, Echo-Bats can produce a confusing, high-pitched sound.","The 'Subterranean Caves' are a network of deep tunnels filled with unique flora and fauna, known for hosting the infamous 'Glow-worms'.","The blinding flash temporarily disorients predators.","Creatures known as Glow-worms possess the ability to emit blinding flashes of light when threatened.","When faced with danger, Stone-Shells can withdraw into a mineral-hardened shell that is impossible to break."]]],"provided_answer":"The primary defenses of the creatures populating the Subterranean Caves include emitting blinding flashes of light (Glow-worms), producing a confusing, high-pitched sound (Echo-Bats), and withdrawing into a mineral-hardened shell (Stone-Shells).","top_k":null,"doc_id":[[["G","I","J","H","F","D","A","E","B","C"]]],"FM_matrix":[[[761.90300362,4.3924803223,-5.6408546672,5.3814783223,2.5578469999,-3.7381529333,-1.0049278276,-0.8886766052,-1.8915515243,-0.1498467207],[4.3924803223,1.2944448604,0.2063381984,2.1796647796,-0.3368212799,4.0549155563,2.0813364055,1.4668579027,-2.7806645562,3.6779439488],[-5.6408546672,0.2063381984,5.9696966395,-2.1678318378,-4.0883429121,5.4854030585,2.3333382913,-2.7168074231,0.0135216308,3.2181751833],[5.3814783223,2.1796647796,-2.1678318378,6.6485937071,-1.0635423508,0.6771105232,6.5152337792,5.8230279771,-9.8297642798,2.2748357411],[2.5578469999,-0.3368212799,-4.0883429121,-1.0635423508,5.4232537493,0.5706954407,-6.3810765924,-0.7697563441,6.1605233011,0.6254083281],[-3.7381529333,4.0549155563,5.4854030585,0.6771105232,0.5706954407,26.126996017,-0.2303919774,-2.2001742883,2.4101232237,20.1903552797],[-1.0049278276,2.0813364055,2.3333382913,6.5152337792,-6.3810765924,-0.2303919774,11.8228568805,5.5873708954,-14.331233332,1.06444046],[-0.8886766052,1.4668579027,-2.7168074231,5.8230279771,-0.7697563441,-2.2001742883,5.5873708954,5.461158432,-8.8029211502,-0.1340630509],[-1.8915515243,-2.7806645562,0.0135216308,-9.8297642798,6.1605233011,2.4101232237,-14.331233332,-8.8029211502,18.863226107,-0.3426382741],[-0.1498467207,3.6779439488,3.2181751833,2.2748357411,0.6254083281,20.1903552797,1.06444046,-0.1340630509,-0.3426382741,16.1086454989]]],"scoring":[{"Exact":[3.0045398516,0.1499712927,-2.6827663397,-7.2129367643,-3.7522944898,61.3505755994,-3.4886099632,1.7208929341,29.7013319267,74.8892688397],"ContextCite32":[9.502062938,6.3338757337,-7.6898669465,0.7764842072,-14.383694403,63.0508694045,-10.675529276,3.3415739705,28.0296888616,83.880668025],"KernelShap32":[5.4540577082,7.8709672521,0.8435431576,-4.9621939917,-7.3991141088,63.850415477,-1.8469156456,5.6260070874,26.8666132713,80.946126789],"WSS32":[16.4684846716,10.8053672937,-2.9394572646,5.0343783158,-21.3187753313,61.0275474556,2.5118715091,-5.084242745,18.615910154,79.2370236692],"BetaShap (U)32":[-16.2650541864,-27.7003900756,-0.7037772282,-44.6447009947,-1.5999351491,78.467840739,-0.2852399243,-0.0585458612,30.2964263356,75.8254760785],"TMC32":[1.6419582367,-10.2617340088,-0.5139760176,-22.9840345979,-1.8796564738,71.9153181314,-0.4651234945,12.3029205799,30.5644195875,74.6092834473],"ContextCite64":[10.298730417,7.3305850338,-1.7019985416,0.1376129931,-8.8401810844,61.9499746971,-6.3885905219,7.5460331474,26.4175677436,75.1334476769],"KernelShap64":[0.5588825108,6.0666438708,5.8710338675,-0.9284554297,-2.8841376834,57.9650238265,-4.9317617901,7.7943093806,31.5146903228,76.3302913511],"WSS64":[12.3081761263,5.5942380413,2.7824360983,2.8704286046,-7.7474494907,61.0858014398,-1.6524063244,2.1134833075,27.003238994,73.8262871105],"BetaShap (U)64":[-16.2650089486,-27.7003813988,-0.6169800398,-44.6446336073,-0.276901893,78.4678380064,1.8354575367,-14.5109099481,20.3038617744,71.2177912157],"TMC64":[1.5853190422,-6.7543177605,-0.3644483984,-13.4139693975,-0.2155459268,69.7708817891,2.0240278244,-0.6895315945,29.6595100462,70.661028862],"ContextCite100":[8.6180063817,5.8486029481,-1.8087330394,0.9223795778,-5.4099540756,62.1131914111,-3.6514753271,7.1606859905,29.867158244,74.0987026993],"KernelShap100":[0.3740340215,6.9703403533,5.4592280611,-0.2388505078,-1.097851521,56.8890532429,-1.9733840261,6.0605978804,33.497736971,75.9583827395],"WSS100":[7.6820871602,3.6864735793,-1.6934396185,-1.5142476808,-4.3115159334,61.4274988262,-0.7134118031,3.499418107,33.5086812739,75.6615566993],"BetaShap (U)100":[-4.7066231712,-27.7003233686,-15.7445681485,-44.6446373747,-0.2769039775,78.4678397405,0.1629890584,-13.065683091,20.3038518571,62.0645512061],"TMC100":[1.8844172221,-2.9378641202,-2.3729448318,-13.151278317,-0.854639145,72.8505680561,0.351921916,-2.2803072333,30.6163188678,67.2626085281],"LOO":[1.0725872517,5.4184720516,0.4783914089,-0.1512649059,-0.2769021988,78.4678528309,-0.1906311512,-0.0585768223,20.6050579548,94.4584839344]}],"FM_matrix_groundtruth":"[[ 0.          3.24872757  3.27688193 -0.19961805  0.57888609  2.90126472\n   1.09364457  1.635099    3.07022731  1.73258032]\n [ 3.24872757  0.          4.69273013  8.13583449  1.59690816  6.11737294\n  -0.59234993  8.01583112 -2.03072775  3.93458477]\n [ 3.27688193  4.69273013  0.          0.55046438 -0.47152362  2.35687033\n   1.55273345 -0.21653526  4.37723906  0.10422096]\n [-0.19961805  8.13583449  0.55046438  0.          1.91431441  7.17343857\n   8.92881902 10.37407532  4.17748249  3.43866934]\n [ 0.57888609  1.59690816 -0.47152362  1.91431441  0.          4.11842033\n   1.27590501  1.75182267  3.25019549  2.78366975]\n [ 2.90126472  6.11737294  2.35687033  7.17343857  4.11842033  0.\n   2.6885872   1.55127382 -1.62271126 14.65335266]\n [ 1.09364457 -0.59234993  1.55273345  8.92881902  1.27590501  2.6885872\n   0.          7.60500992 -4.73194939  7.34971728]\n [ 1.635099    8.01583112 -0.21653526 10.37407532  1.75182267  1.55127382\n   7.60500992  0.         -6.81186113 -2.2261707 ]\n [ 3.07022731 -2.03072775  4.37723906  4.17748249  3.25019549 -1.62271126\n  -4.73194939 -6.81186113  0.          0.62336064]\n [ 1.73258032  3.93458477  0.10422096  3.43866934  2.78366975 14.65335266\n   7.34971728 -2.2261707   0.62336064  0.        ]]"}
{"query":"What is the main function of the device recently discovered in desert ruins?","context":[[["Artifacts like this are highly sought after by historians.","Its creators' motives remain unknown.","Research on the 'Energy-Harmonizer' indicates that its main purpose is to cleanse and reroute ley-line energy, thereby averting magical disasters.","The Chrono-Regulator requires an external power source to function.","The device is made of unknown alloys.","Stabilizing temporal distortions is a challenging task.","Research on the 'Weather-Core' indicates that its main purpose is to manage and govern the regional weather, thereby stopping severe dust storms.","The Chrono-Regulator emits a faint hum when active.","Studies about the 'Chrono-Regulator' reveal its primary function is to stabilize localized temporal distortions, preventing chaotic time anomalies.","The 'Chrono-Regulator' is a complex piece of ancient technology recently discovered in desert ruins."]]],"provided_answer":"The main function of the device recently discovered in desert ruins, as per the provided context, is to stabilize localized temporal distortions, preventing chaotic time anomalies. This device is known as the 'Chrono-Regulator'.","top_k":null,"doc_id":[[["F","J","D","E","G","H","C","I","B","A"]]],"FM_matrix":[[[119.0983214641,-14.7282063246,2.2355599295,-2.9534906552,6.4402995915,-5.5552347228,-9.7581143646,-5.2756415665,3.1951396093,3.8628127095],[-14.7282063246,7.2915050562,3.8758973347,0.9279567943,6.0415907333,-0.0593973369,5.5400743503,-8.9660739374,5.4776022182,1.416705728],[2.2355599295,3.8758973347,3.3601331568,2.279097454,5.0623955937,-0.4698946528,3.6283068007,-7.5016346894,1.1303983014,0.3779965525],[-2.9534906552,0.9279567943,2.279097454,22.8185084027,-2.4878239116,1.0246015395,8.6295420662,-2.0417318752,-25.9917023878,-14.7592957071],[6.4402995915,6.0415907333,5.0623955937,-2.4878239116,9.3068632638,-1.2445250302,3.6852156174,-12.1526659903,9.9210633621,4.6768355408],[-5.5552347228,-0.0593973369,-0.4698946528,1.0246015395,-1.2445250302,2.8882627766,-2.8175926825,1.4706148639,-26.0864020976,1.3482915489],[-9.7581143646,5.5400743503,3.6283068007,8.6295420662,3.6852156174,-2.8175926825,10.6775840531,-7.5557948428,24.2594535042,-6.9528450874],[-5.2756415665,-8.9660739374,-7.5016346894,-2.0417318752,-12.1526659903,1.4706148639,-7.5557948428,17.2086873008,-8.7218439611,-2.7638822086],[3.1951396093,5.4776022182,1.1303983014,-25.9917023878,9.9210633621,-26.0864020976,24.2594535042,-8.7218439611,269.2345358886,-3.8463110348],[3.8628127095,1.416705728,0.3779965525,-14.7592957071,4.6768355408,1.3482915489,-6.9528450874,-2.7638822086,-3.8463110348,12.8639611414]]],"scoring":[{"Exact":[-3.2601637917,-3.8367019571,0.4297131522,6.8042910406,-5.6281143021,8.4160582322,-6.7755783887,2.8746165331,66.5909631395,11.1058349974],"ContextCite32":[-5.7958892564,0.2976485517,6.2572538942,-3.3366265591,-0.6733022069,11.5030533163,-2.5843874004,12.2372576917,63.3354013097,6.658293356],"KernelShap32":[5.3689815604,-1.067237602,0.4079266911,6.8409446018,0.1053982404,-3.0344900606,9.517120343,3.1815258811,59.5774666874,14.66993346],"WSS32":[-20.4831667186,11.985913412,7.4156641338,1.1317383961,-9.5811313646,10.2762572823,-7.607581663,23.5691460012,51.7674566767,13.904240836],"BetaShap (U)32":[-32.135400508,-27.2916638654,4.8929436137,-7.4327909796,0.5915350755,2.3112877174,-33.8047587442,1.3682878829,116.5281949253,12.2461897532],"TMC32":[-16.2149791718,-9.0985622406,4.2737002373,-2.83520329,0.2311401367,16.1803319454,-34.0950342814,-0.6507981618,115.8788576126,9.7010631561],"ContextCite64":[0.5636667792,5.0456937586,-0.2455439985,11.7411193204,-5.86254736,10.8973077389,0.1100033789,8.6865382439,72.4534499669,5.5043939151],"KernelShap64":[3.7356358651,-1.1555167548,3.4682447708,1.7305346684,-6.2418842729,8.8652489197,3.6518141612,3.8042325149,76.7879681567,14.6130931861],"WSS64":[-1.169565482,3.4614039832,8.0938100626,7.235005868,-1.1610514602,0.5829737977,-0.1703729123,4.0324242859,72.0412151483,8.7607367315],"BetaShap (U)64":[-32.1353218067,-27.2916640916,7.3910084853,-7.4327657486,0.8819929236,2.3112824962,-17.228531008,-6.7241111302,68.2112014012,11.0292593777],"TMC64":[-10.3539941651,-8.5670778155,8.1936601996,2.9446033239,-0.2273415157,13.0288682665,-17.4961465001,-3.2351183891,82.1618442535,10.3065297008],"ContextCite100":[0.7803064028,-0.0044293343,7.5221785724,8.7787436757,-6.0170887765,12.9752187094,-1.1208888232,5.2884503366,71.2544078123,8.5638149419],"KernelShap100":[2.2408071753,1.4183149555,0.3793538547,1.4255061306,-4.5121130883,5.9355060721,1.1272600743,9.3531491588,67.910004545,16.2094283186],"WSS100":[-3.7567587678,-0.3270748448,5.4689758379,12.8372101182,-1.7859407083,13.9201507939,-6.4136473611,3.0205592124,75.1973270255,7.5214898626],"BetaShap (U)100":[-10.2789024129,-27.2916079344,-55.1553994194,-7.4327724661,0.8819916807,2.3112847366,-14.4499772347,-5.9148727126,68.2111491984,3.0818250648],"TMC100":[-4.164410261,-4.2086860217,5.6430757443,0.9110697508,-0.4064240456,10.7577907122,-15.0453436772,-3.2269824346,73.4275074739,12.4734167655],"LOO":[0.6493368149,0.0617539883,9.1314001083,2.3955683708,0.8819952011,2.3112673759,6.6826324463,1.3682918549,43.6023921967,3.4448642731]}],"FM_matrix_groundtruth":"[[  0.           1.51650266   7.47649258   5.63686779   3.26607844\n    1.76199305   1.18008968   3.31748592   5.9548443    2.67443466]\n [  1.51650266   0.           7.63981579   3.63980197   1.96441736\n    5.03035742   1.66061059   2.99336261   5.24363521  -2.33503209]\n [  7.47649258   7.63981579   0.           8.76019701   1.58534318\n   -6.34451458  27.85086115  10.96643457  -8.92823387  15.28094908]\n [  5.63686779   3.63980197   8.76019701   0.           5.50809039\n    4.88259207   6.58618864  -3.96125201 -10.84363366 -10.38048354]\n [  3.26607844   1.96441736   1.58534318   5.50809039   0.\n    5.68985931   1.93078313   2.15657327   8.35746668   3.73624203]\n [  1.76199305   5.03035742  -6.34451458   4.88259207   5.68985931\n    0.          12.96821972   7.45060669 -19.06511424   5.2176024 ]\n [  1.18008968   1.66061059  27.85086115   6.58618864   1.93078313\n   12.96821972   0.           3.20557404   7.45484661   6.68055716]\n [  3.31748592   2.99336261  10.96643457  -3.96125201   2.15657327\n    7.45060669   3.20557404   0.          -3.13079444 -10.85937409]\n [  5.9548443    5.24363521  -8.92823387 -10.84363366   8.35746668\n  -19.06511424   7.45484661  -3.13079444   0.          -9.65174978]\n [  2.67443466  -2.33503209  15.28094908 -10.38048354   3.73624203\n    5.2176024    6.68055716 -10.85937409  -9.65174978   0.        ]]"}
{"query":"What is the composition of the natural wonder of planet Ntunu?","context":[[["The 'Floating Islands of Aeridia' are primarily composed of a naturally buoyant mineral called 'Aeridium Ore', found only in atmospheric veins.","The islands move slowly across the sky.","Many cultures consider the islands sacred.","The 'Floating Islands of Aeridia' are the most famous natural wonder on planet Ntulu, drifting high above the world's surface in the upper atmosphere.","Studies are ongoing to understand how the ore retains buoyancy.","Aeridium Ore is lightweight and crystalline.","The ore has no other known practical use.","The 'Crystalline Spires' mainly consist of 'Luxite', a distinctive type of hardened light, exclusively located at the intersections of the planet's magnetic fields.","Large waterfalls cascade from the edges of some islands.","The 'Living Bridges of Yggdras' mainly consist of 'Root-Weave', a self-renewing, intelligent, wood-resembling fungal growth."]]],"provided_answer":"The natural wonders of planet Ntulu primarily consist of Aeridium Ore, which composes the 'Floating Islands of Aeridia', and Luxite, which forms the 'Crystalline Spires'. Additionally, the 'Living Bridges of Yggdras' are made of Root-Weave.","top_k":null,"doc_id":[[["B","F","G","A","J","E","H","C","I","D"]]],"FM_matrix":[[[845.3619749001,-0.2126995347,-0.071410313,-24.0062456266,4.526178411,-19.8936024538,4.3291380936,0.2676888846,1.3669156955,-7.759835956],[-0.2126995347,5.0114155861,-0.4027288368,2.0872229705,-1.2787536151,2.8343602894,-6.3967431651,-0.6468687072,-1.6175041076,0.8855419055],[-0.071410313,-0.4027288368,1.8127111296,-4.3210478207,0.0870124651,-2.9158299153,3.546970032,0.0297075628,0.8407660446,-2.6698455933],[-24.0062456266,2.0872229705,-4.3210478207,38.8610880402,11.9128191029,9.7899517644,-1.2641636619,14.843315971,2.1989928917,19.048850984],[4.526178411,-1.2787536151,0.0870124651,11.9128191029,6.0412815898,-0.0009812333,5.5298557007,7.0068882513,2.4876778866,5.3819284642],[-19.8936024538,2.8343602894,-2.9158299153,9.7899517644,-0.0009812333,6.2439138029,-7.7451137481,0.6282076872,-1.7264685207,5.4039700062],[4.3291380936,-6.3967431651,3.546970032,-1.2641636619,5.5298557007,-7.7451137481,16.0282418344,5.4790429176,4.7042922842,-1.7386366071],[0.2676888846,-0.6468687072,0.0297075628,14.843315971,7.0068882513,0.6282076872,5.4790429176,8.3054196989,2.6932657461,6.6785068023],[1.3669156955,-1.6175041076,0.8407660446,2.1989928917,2.4876778866,-1.7264685207,4.7042922842,2.6932657461,1.5638864982,0.7148754288],[-7.759835956,0.8855419055,-2.6698455933,19.048850984,5.3819284642,5.4039700062,-1.7386366071,6.6785068023,0.7148754288,9.5849577131]]],"scoring":[{"Exact":[32.7195691945,-5.13395237,-3.1342091225,55.9094537769,-1.5383473688,10.0740008574,0.543779991,67.7209501149,-5.4159305907,78.6984454356],"ContextCite32":[38.9546543457,-1.4161282503,2.1172693129,58.8751952641,-7.0222451025,9.7605165275,2.1692895176,59.3371690981,6.6505303731,93.0844558501],"KernelShap32":[38.2161946321,7.2856568458,-8.5514087709,68.3852786124,-17.5085133143,12.3747838041,3.3116787424,68.8576970735,2.0186303153,85.5215722492],"WSS32":[48.0866468337,-7.4204927975,10.4493613198,55.5069379146,-10.608841801,11.2876197627,6.6164020009,58.5422781443,-2.4713459338,93.402855915],"BetaShap (U)32":[15.4860013871,-47.2226338499,-0.3529465851,12.7911423636,0.0691276931,1.7329716246,9.8859614304,88.0085396334,7.3117286757,64.2458373969],"TMC32":[34.6321697235,-3.2362194061,-0.4489517212,30.1607797146,0.3143666585,7.6445641518,9.6080042521,81.9640846252,7.6633879344,68.5398142338],"ContextCite64":[41.156378142,2.9894294674,-1.7455891791,63.7012730709,-6.790647809,14.6765435643,3.2408695973,62.8292072693,0.5596811751,87.5862594598],"KernelShap64":[40.7238500342,1.5180786779,-1.2331586581,65.840641919,0.6702367434,10.6971202847,0.3813192364,72.9188460074,-2.9670349418,86.9869360366],"WSS64":[42.4670522782,1.6388577702,-1.157963129,58.1797926802,-3.4978210318,12.7583282227,5.2076451416,64.4758495708,-7.7008032892,85.2829667664],"BetaShap (U)64":[15.4860754353,-47.2226395219,-0.1258694241,12.7912082591,0.7554017046,1.7329690183,6.3733497992,46.4703511912,-49.1472905918,76.6290114518],"TMC64":[38.3372654234,-3.8826594353,-0.2060642242,42.5559595823,0.4919011252,6.7220573425,6.3270683289,64.4527398348,-4.0859419107,78.5311450958],"ContextCite100":[38.3674486014,2.2244173166,-1.3582897674,61.6874727222,-4.7696635778,15.0464019436,3.7077077414,67.4013171385,-0.3834259995,86.9171385872],"KernelShap100":[40.4579899049,4.8842057372,0.4186787157,65.0420925995,3.8832519257,13.0274125427,4.4520166068,71.0215670409,-2.6233033207,86.0145086154],"WSS100":[39.9084102412,-0.1375334495,-1.2053368582,59.2769032812,-0.2473765436,14.5811508646,6.7423131673,66.9542975896,-4.651312939,85.0213448266],"BetaShap (U)100":[12.4505500069,-47.222542677,-24.9251733547,12.7912147423,0.7554064896,1.7329819824,5.5936687902,50.6241646075,-49.1473576166,28.1476655333],"TMC100":[37.4176995938,-0.9030694962,-3.3745053609,45.9366085529,1.9817075729,11.1252213258,5.6839358807,65.8384552797,-4.9617250149,70.1901543935],"LOO":[10.9327125549,0.2107830048,0.3874502182,54.2993583679,0.755402565,1.732960701,1.1559858322,88.008556366,0.3741264343,99.7583045959]}],"FM_matrix_groundtruth":"[[  0.           9.88400091   6.57282821  -6.36711843   0.98950503\n  -22.80093697  -0.08529177   1.66585852   9.24984336  -3.66190771]\n [  9.88400091   0.           0.42693285   4.88437846  -0.084401\n    2.89511782   1.95102527   8.08077597   6.18520954  13.21050624]\n [  6.57282821   0.42693285   0.           3.82977526  -3.00108815\n    2.594611    -0.10942258   7.88683471   1.20412414   5.90822404]\n [ -6.36711843   4.88437846   3.82977526   0.           2.29704637\n    5.09178524   5.16415677  13.32740977  -2.87167744  16.15249518]\n [  0.98950503  -0.084401    -3.00108815   2.29704637   0.\n    4.35960209   1.72164711   9.289643     2.6202327    4.85888496]\n [-22.80093697   2.89511782   2.594611     5.09178524   4.35960209\n    0.           0.34119641   1.51790561   7.40858166  11.7063997 ]\n [ -0.08529177   1.95102527  -0.10942258   5.16415677   1.72164711\n    0.34119641   0.           5.90881645   3.24374428   3.44716161]\n [  1.66585852   8.08077597   7.88683471  13.32740977   9.289643\n    1.51790561   5.90881645   0.           8.56125682   6.06886838]\n [  9.24984336   6.18520954   1.20412414  -2.87167744   2.6202327\n    7.40858166   3.24374428   8.56125682   0.          13.92037911]\n [ -3.66190771  13.21050624   5.90822404  16.15249518   4.85888496\n   11.7063997    3.44716161   6.06886838  13.92037911   0.        ]]"}
{"query":"What is the traditional weapon of the defenders of the Citadel?","context":[[["Training the Sky-Guardians is a rigorous process.","The 'Sun-Wardens' typically use a shining spear capped with 'Sun-Stone', a substance capable of focusing solar power.","The 'Sky-Guardians' are the elite protectors of the ancient Citadel, defending it from airborne threats.","The blades glow faintly during thunderstorms.","Other guardians use different weapons.","The Citadel has stood for millennia.","The blades are passed down through generations.","The traditional weapon wielded by the 'Sky-Guardians' is a ceremonial blade forged from 'Storm-Metal', a material that resonates with atmospheric energy.","Storm-Metal is rare and difficult to work with.","The 'Void-Sentinels' typically use a noiseless bow that shoots 'Shadow-Glass' arrows, a substance which nullifies both light and sound."]]],"provided_answer":"The traditional weapon of the defenders of the Citadel, specifically the Sky-Guardians, is a ceremonial blade forged from Storm-Metal.","top_k":null,"doc_id":[[["I","C","A","H","G","J","F","B","E","D"]]],"FM_matrix":[[[139.5523310879,11.8961668671,-8.8869064528,-0.6446170146,-0.8820149296,-7.2959356425,0.3922634046,-23.4044527334,-4.1367908292,3.4935489242],[11.8961668671,20.8557739512,4.2063528688,3.9674789439,-6.3022999042,-3.604745493,-2.0159977152,4.9053285685,-4.4956035295,-2.8550389381],[-8.8869064528,4.2063528688,4.8968001655,2.6200221244,-1.679803009,-0.232692425,1.3787224003,-11.8077670077,5.832450674,-1.7156197716],[-0.6446170146,3.9674789439,2.6200221244,6.3611261187,-1.2918942748,3.5323230931,1.6870699886,2.1932649712,6.6319227504,-1.9650144561],[-0.8820149296,-6.3022999042,-1.679803009,-1.2918942748,1.970846663,1.0285245886,0.5438165495,-1.0511120141,0.9947844548,0.9965667826],[-7.2959356425,-3.604745493,-0.232692425,3.5323230931,1.0285245886,4.338271364,1.2886597776,7.1172552793,4.4611124251,-0.5378346617],[0.3922634046,-2.0159977152,1.3787224003,1.6870699886,0.5438165495,1.2886597776,1.6703801253,-8.1157741131,5.4877667448,-0.327898143],[-23.4044527334,4.9053285685,-11.8077670077,2.1932649712,-1.0511120141,7.1172552793,-8.1157741131,94.0539661956,-25.6862985564,0.0717776697],[-4.1367908292,-4.4956035295,5.832450674,6.6319227504,0.9947844548,4.4611124251,5.4877667448,-25.6862985564,18.6399336219,-1.7717492284],[3.4935489242,-2.8550389381,-1.7156197716,-1.9650144561,0.9965667826,-0.5378346617,-0.327898143,0.0717776697,-1.7717492284,0.9398242904]]],"scoring":[{"Exact":[8.4734217031,-4.4515870374,10.5829808956,-3.213633891,-1.0790229244,-2.6362011796,-1.8716216641,68.5222595067,12.7006349911,0.4253972589],"ContextCite32":[7.3380804444,-20.4169253108,14.0099464223,-5.1036501786,-1.1783778468,11.2712484401,2.7360933154,61.3755709515,9.1281068634,4.3124536503],"KernelShap32":[16.8332690229,0.4486994851,11.231752419,-2.0832183006,1.5700967789,-9.0330786168,7.0606179421,68.4109168897,6.7819902414,-1.016076476],"WSS32":[7.6497120555,-7.2295619723,5.8485419687,28.4386787602,-22.231228496,15.4578124521,-7.2304505535,45.602927932,7.8845439552,10.3135311404],"BetaShap (U)32":[-4.6837617587,-35.0275126645,8.0944865156,-31.8200791855,4.8043646094,0.0477497722,-1.5489339411,34.6475616267,11.1329928083,5.3915432131],"TMC32":[16.4980763197,-13.9211761951,8.791831851,-14.5667686164,4.7279152075,-1.5883184075,-1.5174116294,74.153734525,11.5962053935,3.3863223791],"ContextCite64":[13.1802929927,-7.2848188864,9.9839049927,-1.9520619779,3.4725476296,0.6332046761,4.8929143947,67.8576771737,13.8190114467,-0.8818125883],"KernelShap64":[9.9885141784,0.5049465038,11.7181051926,0.0329198502,2.6577604037,-6.0933852863,2.6134301918,71.7924263131,9.5021400826,0.404055351],"WSS64":[16.2389094902,-6.0373469694,11.6760057179,-3.7588589637,4.2132264055,-5.5561642453,4.4217579571,66.0052692574,11.5887960192,1.0742182536],"BetaShap (U)64":[-4.6837153685,-35.0275065291,10.9720585077,-31.8200276393,0.6704240253,0.0477515576,4.407952621,64.0661348728,6.3145550585,1.9348948901],"TMC64":[14.5374662876,-11.3128186464,11.2036974877,-6.8361557275,3.0938967637,-0.312951088,4.4928784072,64.3002504855,9.2606382966,0.869396612],"ContextCite100":[13.5624864151,-2.5424277963,13.2979906272,-0.9419954471,3.7598311674,-0.3230288819,6.9605484376,68.5997792794,16.2745657519,-1.6316456598],"KernelShap100":[8.0628106486,-1.2003473772,12.7928614396,-4.6979842644,1.6702455064,0.5172883628,0.7989587298,73.3334360963,12.4904145193,1.6406704303],"WSS100":[14.368475937,-4.2797616732,10.5055532131,-1.8408326794,5.1492716488,-1.0527018748,2.1418846092,69.681845882,13.0990952604,-1.4913538229],"BetaShap (U)100":[-0.3737854928,-35.0274382039,-0.997536406,-31.820029313,0.6704216922,0.0477475278,1.5552344941,61.1242669246,6.3145567871,-15.8371776312],"TMC100":[15.0340892168,-6.6280421202,10.6690794329,-6.3882050614,1.8013104109,-2.1113285743,2.1774621705,61.6023739378,9.8943773233,1.1263456643],"LOO":[1.781150341,0.0044336319,0.413028717,0.7588021755,0.6704180241,0.0477513075,0.2542619705,34.6474556923,0.4145871401,-0.1812564135]}],"FM_matrix_groundtruth":"[[  0.          10.37707866  -9.94399402   4.13820134   1.07357374\n    0.4002456    9.32943109 -16.30630751   2.77171778   4.62503392]\n [ 10.37707866   0.           5.91798819   2.1131407    3.12818966\n    1.60895906   2.63187968   5.08927178   1.89512559   2.27037294]\n [ -9.94399402   5.91798819   0.           4.69141699   2.36251392\n    1.54852503   6.28594878 -14.82282327   4.38098064   0.99011497]\n [  4.13820134   2.1131407    4.69141699   0.           5.94589943\n    2.35978449   8.111599     1.6194224    3.00759226   0.5918597 ]\n [  1.07357374   3.12818966   2.36251392   5.94589943   0.\n   -0.06786815   4.61465084   5.78281336   0.89123017   5.84711463]\n [  0.4002456    1.60895906   1.54852503   2.35978449  -0.06786815\n    0.           2.96122579   6.77689615   0.94531612   2.88248033]\n [  9.32943109   2.63187968   6.28594878   8.111599     4.61465084\n    2.96122579   0.          -1.99291315   6.5431039    0.96829538]\n [-16.30630751   5.08927178 -14.82282327   1.6194224    5.78281336\n    6.77689615  -1.99291315   0.         -27.04510592  -3.22926889]\n [  2.77171778   1.89512559   4.38098064   3.00759226   0.89123017\n    0.94531612   6.5431039  -27.04510592   0.           0.71008192]\n [  4.62503392   2.27037294   0.99011497   0.5918597    5.84711463\n    2.88248033   0.96829538  -3.22926889   0.71008192   0.        ]]"}
{"query":"What kind of power source is used by the ancient constructs found in the Desert of Bones?","context":[[["Internal 'Geothermal Converters' fuel the Sand-Crawlers, extracting heat from subterranean vents.","The Crystal Sentinels utilize complex 'Starlight Capacitors' to gradually accumulate and preserve cosmic power.","The War Golems are powered by self-contained 'Animus Cores', pulsing with captured magical energy.","In the desolate 'Desert of Bones', ancient War Golems have been unearthed from the shifting sands.","The sandstorms in the desert are legendary.","Retrieving a full Animus Core is extremely dangerous.","Other constructs use different power sources.","The golems are still capable of limited function.","Animus Cores are remnants of powerful spirits.","The golems were originally designed for defense."]]],"provided_answer":"The ancient constructs found in the Desert of Bones, specifically the War Golems, are powered by self-contained 'Animus Cores', which are remnants of powerful spirits.","top_k":null,"doc_id":[[["C","D","B","A","I","H","G","F","E","J"]]],"FM_matrix":[[[289.0024511122,1.3017804706,10.7984597468,-4.529464547,1.3451319944,0.5038807704,4.0699449097,-5.6312470679,3.4032000122,-0.9433386395],[1.3017804706,4.964547017,-2.6656926336,-6.9954759693,2.8090829335,0.0062053855,-0.8365818289,3.4176480634,7.5546495616,2.0324474945],[10.7984597468,-2.6656926336,4.8927547621,-15.5774942448,-0.7543147537,-1.2270861551,0.2996738176,-2.200683471,-6.8178764682,-1.0975098489],[-4.529464547,-6.9954759693,-15.5774942448,146.6088169671,-5.1416415711,8.7452023951,6.6597096082,-0.9876201133,14.4059334217,-2.9098765803],[1.3451319944,2.8090829335,-0.7543147537,-5.1416415711,2.6622161819,-0.0936903107,0.3459363217,2.6854982242,5.3907261575,1.2305718233],[0.5038807704,0.0062053855,-1.2270861551,8.7452023951,-0.0936903107,0.5624465729,0.3416456155,0.2170864131,1.5889598448,-0.0056443625],[4.0699449097,-0.8365818289,0.2996738176,6.6597096082,0.3459363217,0.3416456155,1.1209620303,0.1241136506,0.8343207333,-0.2996328132],[-5.6312470679,3.4176480634,-2.200683471,-0.9876201133,2.6854982242,0.2170864131,0.1241136506,3.2040090692,6.8582658227,1.4934085358],[3.4032000122,7.5546495616,-6.8178764682,14.4059334217,5.3907261575,1.5889598448,0.8343207333,6.8582658227,17.7619550426,3.1787082798],[-0.9433386395,2.0324474945,-1.0975098489,-2.9098765803,1.2305718233,-0.0056443625,-0.2996328132,1.4934085358,3.1787082798,0.8461593161]]],"scoring":[{"Exact":[-5.7278839674,-3.5838408455,43.5993433249,8.6592819088,-1.7676346887,-0.872077885,-3.7868543009,-1.53997142,49.5603473626,-0.9141119651],"ContextCite32":[2.0937581405,0.6620790704,52.5676248426,13.4617101628,-5.6441991605,0.927006556,-11.532269673,-4.5497058759,47.3755707317,5.9984008176],"KernelShap32":[1.2191955942,-0.6685025315,49.4964490451,9.9409405485,3.2993322874,4.730096945,-3.5571001089,-4.3503264046,52.4355654981,-1.170764606],"WSS32":[6.6647236294,9.6002483053,46.5851351187,6.0273590927,-2.5791785542,3.7985172334,-7.3262893963,-6.8112792329,37.8765888789,-3.3709381459],"BetaShap (U)32":[-39.2665488294,-37.7801595279,40.2680340873,-17.9433545945,-4.8227367148,0.1223549314,-0.7326449721,-0.2882507254,74.3515545936,0.4948330573],"TMC32":[-13.7273330688,-11.5126113892,41.4932250182,-4.2846161425,-4.7179667155,3.5507060885,-0.6941782633,-1.5521349907,73.935851415,-0.1674823761],"ContextCite64":[-1.0455799972,2.4820883558,50.3522273008,10.8805035356,-2.7630365721,-1.0775690139,-5.6370943388,-4.4455294596,49.8530656427,4.7102464926],"KernelShap64":[-1.2363083364,-1.2097913861,49.6242058835,14.8246928667,5.5490236882,2.0242764121,-4.9899460493,1.9478935042,51.4508713313,-0.2017222234],"WSS64":[2.7151665763,5.2942567094,50.7551466779,7.9733055183,-2.9148540188,-7.4849647806,-5.55227916,-2.15110736,47.0761852871,3.1305700803],"BetaShap (U)64":[-39.2664378582,-37.7801674684,42.7688524791,-17.9432967497,0.3547495453,0.1223537966,-0.1547336724,-16.302050449,12.7000329724,0.8159199829],"TMC64":[-7.4276964835,-13.859657824,43.8882604241,6.4483496398,-0.8778327363,3.6120662008,-0.1738262326,-6.9050693065,57.2431325167,0.5577321202],"ContextCite100":[-2.9317192614,3.4146240688,46.7897839616,13.3029798444,-1.4209135718,0.0899538428,-7.7259907044,-1.5956566758,53.9126139015,2.2858446771],"KernelShap100":[-2.9649453712,-0.5267935299,49.1326604096,12.090408529,3.2523437616,4.1370613949,-3.855328985,0.7722876628,53.9485713811,0.0],"WSS100":[-0.4962717925,5.1144999821,46.8513387247,12.3634103038,-0.4133125023,-1.8981217682,-5.6568549604,0.6921940032,53.1227657788,2.7807485235],"BetaShap (U)100":[-10.128028839,-37.7800870348,32.2291514196,-17.9433026641,0.3547615466,0.1223511603,-1.9515471824,-14.7006737781,12.6999475899,-18.9376667228],"TMC100":[-4.6569067607,-6.7280104435,40.0783604085,5.9901382426,3.4178524476,1.3540033102,-1.8566736778,-6.7403751016,51.7046192518,-0.7616993487],"LOO":[4.441237092,1.9582337141,32.3963690996,7.9421616793,0.3547530174,0.1223472357,0.1145718098,-0.288248539,52.4272834063,0.198907733]}],"FM_matrix_groundtruth":"[[  0.           7.1455904   10.56467254   5.03649096   0.8451753\n    1.53094379   0.37323504   3.99750627  11.38997546   2.82427941]\n [  7.1455904    0.           4.20043982   2.75700329   2.58768622\n    5.12240519   0.91872801   5.01235935   9.11074767   2.88350905]\n [ 10.56467254   4.20043982   0.         -12.90580585   3.13005619\n    1.73849787  -1.31905181  -0.53942456  -6.49393974   1.79184063]\n [  5.03649096   2.75700329 -12.90580585   0.           0.30312105\n    6.76608007   7.06170438   3.28557504  13.39934994   0.18202507]\n [  0.8451753    2.58768622   3.13005619   0.30312105   0.\n    1.58813844   2.67098259   2.39580009   1.83692218   1.27364251]\n [  1.53094379   5.12240519   1.73849787   6.76608007   1.58813844\n    0.          -0.29323879   4.18530745   1.57470073   2.23367021]\n [  0.37323504   0.91872801  -1.31905181   7.06170438   2.67098259\n   -0.29323879   0.          -0.35297808  -2.33388186   1.17850867]\n [  3.99750627   5.01235935  -0.53942456   3.28557504   2.39580009\n    4.18530745  -0.35297808   0.           5.25548474   0.78110402]\n [ 11.38997546   9.11074767  -6.49393974  13.39934994   1.83692218\n    1.57470073  -2.33388186   5.25548474   0.           5.98816385]\n [  2.82427941   2.88350905   1.79184063   0.18202507   1.27364251\n    2.23367021   1.17850867   0.78110402   5.98816385   0.        ]]"}
