{
 "cells": [
  {
   "cell_type": "markdown",
   "id": "ec0dbdc6",
   "metadata": {},
   "source": [
    "# Introduction\n",
    "\n",
    "Handle the synthetic data (formatting, cleaning, merging) to prepare for the experiments"
   ]
  },
  {
   "cell_type": "markdown",
   "id": "e3aee797",
   "metadata": {},
   "source": [
    "# Imports"
   ]
  },
  {
   "cell_type": "code",
   "execution_count": 53,
   "id": "76483821",
   "metadata": {},
   "outputs": [],
   "source": [
    "import pandas as pd\n",
    "import string\n",
    "import numpy as np\n",
    "import random"
   ]
  },
  {
   "cell_type": "code",
   "execution_count": 62,
   "id": "a5bf1e29",
   "metadata": {},
   "outputs": [
    {
     "data": {
      "text/plain": [
       "array([\"What kind of power source is used by the ancient 'War Golems' found in the Desert of Bones?\",\n",
       "       '[\"In the desolate \\'Desert of Bones\\', ancient War Golems have been unearthed from the shifting sands.\", \"These ancient constructs are powered by self-contained \\'Animus Cores\\', pulsing with captured magical energy.\", \\'The Desert of Bones is known for its harsh climate.\\', \\'War Golems were created by a long-lost empire.\\', \\'Animus Cores are remnants of powerful spirits.\\', \\'The golems are still capable of limited function.\\', \\'Other constructs use different power sources.\\', \\'Retrieving a full Animus Core is extremely dangerous.\\', \\'The sandstorms in the desert are legendary.\\', \\'The golems were originally designed for defense.\\']',\n",
       "       \"The ancient War Golems found in the Desert of Bones are powered by 'Animus Cores'.\",\n",
       "       \"['A', 'B', 'C', 'D', 'E', 'F', 'G', 'H', 'I', 'J']\"], dtype=object)"
      ]
     },
     "execution_count": 62,
     "metadata": {},
     "output_type": "execute_result"
    }
   ],
   "source": [
    "df_syn = pd.read_csv('../data/synthetic_data/20_synergy.csv')\n",
    "df_syn.loc[6].values"
   ]
  },
  {
   "cell_type": "code",
   "execution_count": 43,
   "id": "51f8f3a5",
   "metadata": {},
   "outputs": [],
   "source": [
    "df_sin = pd.read_csv(\"../Experiment_data/20_synergy/Mistral-7B-Instruct-v0.3/results_VANILLA.csv\")\n",
    "df_dup = pd.read_csv(\"../Experiment_data/20_duplicate/Mistral-7B-Instruct-v0.3/results_VANILLA.csv\")"
   ]
  },
  {
   "cell_type": "code",
   "execution_count": 44,
   "id": "d37fafbe",
   "metadata": {},
   "outputs": [
    {
     "data": {
      "text/plain": [
       "[54.97288804,\n",
       " 8.3485299,\n",
       " -8.14272212,\n",
       " -1.32582906,\n",
       " -1.20111425,\n",
       " 0.95108806,\n",
       " 2.12249919,\n",
       " 2.25938145,\n",
       " 4.15378405,\n",
       " -1.75183953]"
      ]
     },
     "execution_count": 44,
     "metadata": {},
     "output_type": "execute_result"
    }
   ],
   "source": [
    "eval(df_dup.scoring.loc[0].replace('array', ''))[0][\"WSS100\"]"
   ]
  },
  {
   "cell_type": "code",
   "execution_count": null,
   "id": "00b7c47f",
   "metadata": {},
   "outputs": [
    {
     "data": {
      "text/plain": [
       "'[array([[ 2.17077973e+02, -1.54764080e+01,  1.25181218e+01,\\n        -1.92612997e+00,  4.32101753e-01, -3.27084622e+00,\\n         1.05082758e-01, -3.08828297e+00, -5.33339621e+00,\\n         3.21483543e-01],\\n       [-1.54764080e+01,  7.89705386e+01,  1.41366959e+01,\\n        -2.52243342e+00, -2.55835178e+00, -1.13915508e+00,\\n        -4.67345509e+00, -5.68800477e-01, -7.08812291e+00,\\n         2.90259861e+00],\\n       [ 1.25181218e+01,  1.41366959e+01,  5.47499257e+00,\\n        -1.39690544e+00,  6.05492727e-01,  6.80250093e-01,\\n        -2.40487627e+00,  1.25217687e-01,  2.93431850e+00,\\n         2.53948404e+00],\\n       [-1.92612997e+00, -2.52243342e+00, -1.39690544e+00,\\n         1.06651774e+00, -1.02562854e+00, -2.20249106e-01,\\n         1.89185228e-01, -6.38628570e-01,  1.37918606e-01,\\n        -7.12810482e-01],\\n       [ 4.32101753e-01, -2.55835178e+00,  6.05492727e-01,\\n        -1.02562854e+00,  1.38894211e+00,  5.08065454e-01,\\n        -9.57791175e-02,  8.05887831e-01,  1.07111415e+00,\\n         8.19810880e-01],\\n       [-3.27084622e+00, -1.13915508e+00,  6.80250093e-01,\\n        -2.20249106e-01,  5.08065454e-01,  8.16428849e-01,\\n        -1.01008134e+00,  1.99673626e-01,  3.57494655e+00,\\n         1.19809280e+00],\\n       [ 1.05082758e-01, -4.67345509e+00, -2.40487627e+00,\\n         1.89185228e-01, -9.57791175e-02, -1.01008134e+00,\\n         2.07515401e+00,  1.47800366e-01, -5.05748346e+00,\\n        -1.96399922e+00],\\n       [-3.08828297e+00, -5.68800477e-01,  1.25217687e-01,\\n        -6.38628570e-01,  8.05887831e-01,  1.99673626e-01,\\n         1.47800366e-01,  5.61505609e-01, -1.10111127e-01,\\n         2.84296882e-01],\\n       [-5.33339621e+00, -7.08812291e+00,  2.93431850e+00,\\n         1.37918606e-01,  1.07111415e+00,  3.57494655e+00,\\n        -5.05748346e+00, -1.10111127e-01,  1.77149289e+01,\\n         5.23604823e+00],\\n       [ 3.21483543e-01,  2.90259861e+00,  2.53948404e+00,\\n        -7.12810482e-01,  8.19810880e-01,  1.19809280e+00,\\n        -1.96399922e+00,  2.84296882e-01,  5.23604823e+00,\\n         2.24301710e+00]])]'"
      ]
     },
     "execution_count": 47,
     "metadata": {},
     "output_type": "execute_result"
    }
   ],
   "source": [
    "df_dup.FM_matrix_groundtruth.loc[1]\n",
    "df_dup.FM_matrix.loc[0]"
   ]
  },
  {
   "cell_type": "code",
   "execution_count": 41,
   "id": "908b5224",
   "metadata": {},
   "outputs": [
    {
     "data": {
      "text/plain": [
       "[15.91435552,\n",
       " 46.71070668,\n",
       " 0.27225288,\n",
       " -0.59464512,\n",
       " 40.13054043,\n",
       " -0.1060088,\n",
       " 0.47751483,\n",
       " 10.69417266,\n",
       " 7.84687639,\n",
       " 0.9667688]"
      ]
     },
     "execution_count": 41,
     "metadata": {},
     "output_type": "execute_result"
    }
   ],
   "source": [
    "eval(df_sin.scoring.loc[0].replace('array', ''))[0][\"WSS100\"]"
   ]
  },
  {
   "cell_type": "code",
   "execution_count": 40,
   "id": "d0b78221",
   "metadata": {},
   "outputs": [
    {
     "data": {
      "text/plain": [
       "'[[  0.           4.43603436  -1.12348267   2.6380844    5.23461826\\n   -0.036178     2.30024523   1.96543638   1.49526545   2.24581269]\\n [  4.43603436   0.          14.97114316   5.02045128 -16.31517517\\n    2.72656053  -1.01224237   0.82785782   1.97580018   5.58266969]\\n [ -1.12348267  14.97114316   0.           1.36882373   2.1608781\\n   -0.46558832   3.1199031   -1.21061777   1.53587915   0.86460196]\\n [  2.6380844    5.02045128   1.36882373   0.           0.86698908\\n    1.71115452   1.77894325   2.10493335   0.26247479   2.71921683]\\n [  5.23461826 -16.31517517   2.1608781    0.86698908   0.\\n    2.47772504   2.67965933   0.41922947   2.7303237    2.65716061]\\n [ -0.036178     2.72656053  -0.46558832   1.71115452   2.47772504\\n    0.           1.64409159   0.30709235   0.68281562   1.87260522]\\n [  2.30024523  -1.01224237   3.1199031    1.77894325   2.67965933\\n    1.64409159   0.           3.11424322   1.53345794   1.77263933]\\n [  1.96543638   0.82785782  -1.21061777   2.10493335   0.41922947\\n    0.30709235   3.11424322   0.           0.45823737   0.64741693]\\n [  1.49526545   1.97580018   1.53587915   0.26247479   2.7303237\\n    0.68281562   1.53345794   0.45823737   0.           0.97055649]\\n [  2.24581269   5.58266969   0.86460196   2.71921683   2.65716061\\n    1.87260522   1.77263933   0.64741693   0.97055649   0.        ]]'"
      ]
     },
     "execution_count": 40,
     "metadata": {},
     "output_type": "execute_result"
    }
   ],
   "source": [
    "df_sin.FM_matrix_groundtruth.loc[1]"
   ]
  },
  {
   "cell_type": "code",
   "execution_count": 42,
   "id": "8d324e3b",
   "metadata": {},
   "outputs": [
    {
     "data": {
      "text/plain": [
       "[[[770.911544,\n",
       "   -21.7805288,\n",
       "   -1.91838387,\n",
       "   -1.54568826,\n",
       "   0.864074915,\n",
       "   -1.00528357,\n",
       "   -1.65631334,\n",
       "   3.19655887,\n",
       "   -17.7308505,\n",
       "   -0.777027745],\n",
       "  [-21.7805288,\n",
       "   105.600901,\n",
       "   1.28389623,\n",
       "   2.7567898,\n",
       "   1.41646584,\n",
       "   0.176650313,\n",
       "   -0.905802364,\n",
       "   -3.71167899,\n",
       "   -15.5804777,\n",
       "   -0.167498205],\n",
       "  [-1.91838387,\n",
       "   1.28389623,\n",
       "   11.1488503,\n",
       "   -0.546557634,\n",
       "   3.47543708,\n",
       "   -4.54082643,\n",
       "   -1.56076928,\n",
       "   0.282490865,\n",
       "   -2.56826174,\n",
       "   -0.912771008],\n",
       "  [-1.54568826,\n",
       "   2.7567898,\n",
       "   -0.546557634,\n",
       "   4.45569373,\n",
       "   2.50211535,\n",
       "   4.85319133,\n",
       "   2.64512949,\n",
       "   2.25036715,\n",
       "   1.30995981,\n",
       "   -0.117744358],\n",
       "  [0.864074915,\n",
       "   1.41646584,\n",
       "   3.47543708,\n",
       "   2.50211535,\n",
       "   2.7075735,\n",
       "   1.39198079,\n",
       "   1.07467115,\n",
       "   1.49786344,\n",
       "   -0.0433178784,\n",
       "   -0.385842906],\n",
       "  [-1.00528357,\n",
       "   0.176650313,\n",
       "   -4.54082643,\n",
       "   4.85319133,\n",
       "   1.39198079,\n",
       "   6.74001493,\n",
       "   3.37346971,\n",
       "   2.3626941,\n",
       "   2.64603594,\n",
       "   0.201647181],\n",
       "  [-1.65631334,\n",
       "   -0.905802364,\n",
       "   -1.56076928,\n",
       "   2.64512949,\n",
       "   1.07467115,\n",
       "   3.37346971,\n",
       "   1.76471652,\n",
       "   1.38600666,\n",
       "   1.45096988,\n",
       "   0.0344624312],\n",
       "  [3.19655887,\n",
       "   -3.71167899,\n",
       "   0.282490865,\n",
       "   2.25036715,\n",
       "   1.49786344,\n",
       "   2.3626941,\n",
       "   1.38600666,\n",
       "   1.43634191,\n",
       "   1.2591732,\n",
       "   -0.112190285],\n",
       "  [-17.7308505,\n",
       "   -15.5804777,\n",
       "   -2.56826174,\n",
       "   1.30995981,\n",
       "   -0.0433178784,\n",
       "   2.64603594,\n",
       "   1.45096988,\n",
       "   1.2591732,\n",
       "   3.96055212,\n",
       "   0.187390889],\n",
       "  [-0.777027745,\n",
       "   -0.167498205,\n",
       "   -0.912771008,\n",
       "   -0.117744358,\n",
       "   -0.385842906,\n",
       "   0.201647181,\n",
       "   0.0344624312,\n",
       "   -0.112190285,\n",
       "   0.187390889,\n",
       "   0.0819773239]]]"
      ]
     },
     "execution_count": 42,
     "metadata": {},
     "output_type": "execute_result"
    }
   ],
   "source": [
    "eval(df_sin.FM_matrix.loc[0].replace(\"array\", \"\"))"
   ]
  },
  {
   "cell_type": "code",
   "execution_count": 7,
   "id": "79dae221",
   "metadata": {},
   "outputs": [
    {
     "data": {
      "text/plain": [
       "'Drinking water from the Font of Resonance, located in the ancient Elderwood forest, temporarily amplifies the mental abilities of the individual, as it resonates with psionic energy, the energy of thought and consciousness.'"
      ]
     },
     "execution_count": 7,
     "metadata": {},
     "output_type": "execute_result"
    }
   ],
   "source": [
    "df_sin.provided_answer.loc[0]"
   ]
  },
  {
   "cell_type": "markdown",
   "id": "ab45202b",
   "metadata": {},
   "source": [
    "# Data Loading"
   ]
  },
  {
   "cell_type": "code",
   "execution_count": 95,
   "id": "57c9add3",
   "metadata": {},
   "outputs": [],
   "source": [
    "df_res_duplicate = pd.read_csv('../Experiment_data/20_duplicate/Qwen2.5-3B-Instruct/results_VANILLA.csv')\n",
    "\n",
    "all_res = {}\n",
    "\n",
    "init_res = {'Exact': 0,\n",
    " 'ContextCite32': 0,\n",
    " 'KernelShap32': 0,\n",
    " 'BetaShap (U)32': 0,\n",
    " 'TMC32': 0,\n",
    " 'ContextCite64': 0,\n",
    " 'KernelShap64': 0,\n",
    " 'BetaShap (U)64': 0,\n",
    " 'TMC64': 0,\n",
    " 'ContextCite100': 0,\n",
    " 'KernelShap100': 0,\n",
    " 'BetaShap (U)100': 0,\n",
    " 'TMC100': 0,\n",
    " 'LOO': 0}\n",
    "\n",
    "available_models = {\"qwen_3B\" : \"Qwen/Qwen2.5-3B-Instruct\", \n",
    "                    # \"llama_3B\" : \"meta-llama/Llama-3.2-3B-Instruct\", \n",
    "                    \"llama_8B\" : \"meta-llama/Llama-3.1-8B-Instruct\", \n",
    "                    \"mistral_7B\" : \"mistralai/Mistral-7B-Instruct-v0.3\"}\n",
    "\n",
    "\n",
    "for data_type in [\"synergy\", \"duplicate\", \"complementary\"]: \n",
    "    for model in available_models.keys(): \n",
    "        df = pd.read_csv(f'../Experiment_data/20_{data_type}/{available_models[model].split(\"/\")[1]}/results_VANILLA.csv')\n",
    "        res = init_res.copy()\n",
    "        for i in df.index: \n",
    "            for method, score in eval(df.precision_top_k.loc[i])[0].items(): \n",
    "                res[method[1]] += score\n",
    "        all_res[f\"{data_type}_{available_models[model].split('/')[0]}\"] = {k : v/20 for k,v in res.items()}"
   ]
  },
  {
   "cell_type": "code",
   "execution_count": 97,
   "id": "afe155ba",
   "metadata": {},
   "outputs": [],
   "source": [
    "import json"
   ]
  },
  {
   "cell_type": "code",
   "execution_count": 99,
   "id": "3b0d8eca",
   "metadata": {},
   "outputs": [],
   "source": [
    "with open(\"../Experiment_data/exhaustive_top_2_results.json\", \"w\") as f: \n",
    "    json.dump(all_res, f, indent=4)"
   ]
  },
  {
   "cell_type": "code",
   "execution_count": 76,
   "id": "cff135b4",
   "metadata": {},
   "outputs": [],
   "source": [
    "all_res = {}\n",
    "all_res[\"duplicate\"] = res"
   ]
  },
  {
   "cell_type": "code",
   "execution_count": 39,
   "id": "b3c7477a",
   "metadata": {},
   "outputs": [
    {
     "data": {
      "text/html": [
       "<div>\n",
       "<style scoped>\n",
       "    .dataframe tbody tr th:only-of-type {\n",
       "        vertical-align: middle;\n",
       "    }\n",
       "\n",
       "    .dataframe tbody tr th {\n",
       "        vertical-align: top;\n",
       "    }\n",
       "\n",
       "    .dataframe thead th {\n",
       "        text-align: right;\n",
       "    }\n",
       "</style>\n",
       "<table border=\"1\" class=\"dataframe\">\n",
       "  <thead>\n",
       "    <tr style=\"text-align: right;\">\n",
       "      <th></th>\n",
       "      <th>Method</th>\n",
       "      <th>Avg_Pearson</th>\n",
       "      <th>Avg_Spearman</th>\n",
       "      <th>Avg_Kendall</th>\n",
       "      <th>Avg_NDCG</th>\n",
       "      <th>Avg_Precision_at_1</th>\n",
       "      <th>Avg_Precision_at_3</th>\n",
       "      <th>Avg_Precision_at_5</th>\n",
       "      <th>Avg_Hit_rate_at_k</th>\n",
       "      <th>Avg_Reciprocal_rank</th>\n",
       "      <th>Num_Valid_Queries</th>\n",
       "    </tr>\n",
       "  </thead>\n",
       "  <tbody>\n",
       "    <tr>\n",
       "      <th>0</th>\n",
       "      <td>KernelShap100</td>\n",
       "      <td>0.990270</td>\n",
       "      <td>0.818182</td>\n",
       "      <td>0.702222</td>\n",
       "      <td>0.995620</td>\n",
       "      <td>1.00</td>\n",
       "      <td>0.850000</td>\n",
       "      <td>0.85</td>\n",
       "      <td>1.0</td>\n",
       "      <td>1.0</td>\n",
       "      <td>20</td>\n",
       "    </tr>\n",
       "    <tr>\n",
       "      <th>1</th>\n",
       "      <td>ContextCite100</td>\n",
       "      <td>0.988558</td>\n",
       "      <td>0.795758</td>\n",
       "      <td>0.666667</td>\n",
       "      <td>0.993338</td>\n",
       "      <td>0.90</td>\n",
       "      <td>0.850000</td>\n",
       "      <td>0.80</td>\n",
       "      <td>1.0</td>\n",
       "      <td>1.0</td>\n",
       "      <td>20</td>\n",
       "    </tr>\n",
       "    <tr>\n",
       "      <th>2</th>\n",
       "      <td>TMC100</td>\n",
       "      <td>0.982633</td>\n",
       "      <td>0.784242</td>\n",
       "      <td>0.671111</td>\n",
       "      <td>0.987423</td>\n",
       "      <td>0.95</td>\n",
       "      <td>0.800000</td>\n",
       "      <td>0.82</td>\n",
       "      <td>1.0</td>\n",
       "      <td>1.0</td>\n",
       "      <td>20</td>\n",
       "    </tr>\n",
       "    <tr>\n",
       "      <th>3</th>\n",
       "      <td>ContextCite64</td>\n",
       "      <td>0.988225</td>\n",
       "      <td>0.769697</td>\n",
       "      <td>0.642222</td>\n",
       "      <td>0.996752</td>\n",
       "      <td>0.95</td>\n",
       "      <td>0.900000</td>\n",
       "      <td>0.80</td>\n",
       "      <td>1.0</td>\n",
       "      <td>1.0</td>\n",
       "      <td>20</td>\n",
       "    </tr>\n",
       "    <tr>\n",
       "      <th>4</th>\n",
       "      <td>KernelShap64</td>\n",
       "      <td>0.980399</td>\n",
       "      <td>0.734545</td>\n",
       "      <td>0.615556</td>\n",
       "      <td>0.992042</td>\n",
       "      <td>1.00</td>\n",
       "      <td>0.783333</td>\n",
       "      <td>0.79</td>\n",
       "      <td>1.0</td>\n",
       "      <td>1.0</td>\n",
       "      <td>20</td>\n",
       "    </tr>\n",
       "    <tr>\n",
       "      <th>5</th>\n",
       "      <td>ContextCite32</td>\n",
       "      <td>0.966045</td>\n",
       "      <td>0.719394</td>\n",
       "      <td>0.588889</td>\n",
       "      <td>0.993265</td>\n",
       "      <td>0.85</td>\n",
       "      <td>0.883333</td>\n",
       "      <td>0.74</td>\n",
       "      <td>1.0</td>\n",
       "      <td>1.0</td>\n",
       "      <td>20</td>\n",
       "    </tr>\n",
       "    <tr>\n",
       "      <th>6</th>\n",
       "      <td>KernelShap32</td>\n",
       "      <td>0.949370</td>\n",
       "      <td>0.703636</td>\n",
       "      <td>0.595556</td>\n",
       "      <td>0.994408</td>\n",
       "      <td>0.95</td>\n",
       "      <td>0.850000</td>\n",
       "      <td>0.73</td>\n",
       "      <td>1.0</td>\n",
       "      <td>1.0</td>\n",
       "      <td>20</td>\n",
       "    </tr>\n",
       "    <tr>\n",
       "      <th>7</th>\n",
       "      <td>TMC64</td>\n",
       "      <td>0.952407</td>\n",
       "      <td>0.693939</td>\n",
       "      <td>0.573333</td>\n",
       "      <td>0.965019</td>\n",
       "      <td>0.85</td>\n",
       "      <td>0.783333</td>\n",
       "      <td>0.77</td>\n",
       "      <td>1.0</td>\n",
       "      <td>1.0</td>\n",
       "      <td>20</td>\n",
       "    </tr>\n",
       "    <tr>\n",
       "      <th>8</th>\n",
       "      <td>BetaShap (U)100</td>\n",
       "      <td>0.858424</td>\n",
       "      <td>0.643636</td>\n",
       "      <td>0.515556</td>\n",
       "      <td>0.936525</td>\n",
       "      <td>0.85</td>\n",
       "      <td>0.733333</td>\n",
       "      <td>0.73</td>\n",
       "      <td>1.0</td>\n",
       "      <td>1.0</td>\n",
       "      <td>20</td>\n",
       "    </tr>\n",
       "    <tr>\n",
       "      <th>9</th>\n",
       "      <td>TMC32</td>\n",
       "      <td>0.952655</td>\n",
       "      <td>0.593939</td>\n",
       "      <td>0.484444</td>\n",
       "      <td>0.968668</td>\n",
       "      <td>1.00</td>\n",
       "      <td>0.733333</td>\n",
       "      <td>0.67</td>\n",
       "      <td>1.0</td>\n",
       "      <td>1.0</td>\n",
       "      <td>20</td>\n",
       "    </tr>\n",
       "    <tr>\n",
       "      <th>10</th>\n",
       "      <td>BetaShap (U)64</td>\n",
       "      <td>0.871418</td>\n",
       "      <td>0.552121</td>\n",
       "      <td>0.433333</td>\n",
       "      <td>0.953262</td>\n",
       "      <td>0.95</td>\n",
       "      <td>0.733333</td>\n",
       "      <td>0.65</td>\n",
       "      <td>1.0</td>\n",
       "      <td>1.0</td>\n",
       "      <td>20</td>\n",
       "    </tr>\n",
       "    <tr>\n",
       "      <th>11</th>\n",
       "      <td>LOO</td>\n",
       "      <td>0.907301</td>\n",
       "      <td>0.513333</td>\n",
       "      <td>0.397778</td>\n",
       "      <td>0.926025</td>\n",
       "      <td>0.90</td>\n",
       "      <td>0.700000</td>\n",
       "      <td>0.63</td>\n",
       "      <td>1.0</td>\n",
       "      <td>1.0</td>\n",
       "      <td>20</td>\n",
       "    </tr>\n",
       "    <tr>\n",
       "      <th>12</th>\n",
       "      <td>BetaShap (U)32</td>\n",
       "      <td>0.879316</td>\n",
       "      <td>0.484242</td>\n",
       "      <td>0.371111</td>\n",
       "      <td>0.948003</td>\n",
       "      <td>0.95</td>\n",
       "      <td>0.683333</td>\n",
       "      <td>0.63</td>\n",
       "      <td>1.0</td>\n",
       "      <td>1.0</td>\n",
       "      <td>20</td>\n",
       "    </tr>\n",
       "  </tbody>\n",
       "</table>\n",
       "</div>"
      ],
      "text/plain": [
       "             Method  Avg_Pearson  Avg_Spearman  Avg_Kendall  Avg_NDCG  \\\n",
       "0     KernelShap100     0.990270      0.818182     0.702222  0.995620   \n",
       "1    ContextCite100     0.988558      0.795758     0.666667  0.993338   \n",
       "2            TMC100     0.982633      0.784242     0.671111  0.987423   \n",
       "3     ContextCite64     0.988225      0.769697     0.642222  0.996752   \n",
       "4      KernelShap64     0.980399      0.734545     0.615556  0.992042   \n",
       "5     ContextCite32     0.966045      0.719394     0.588889  0.993265   \n",
       "6      KernelShap32     0.949370      0.703636     0.595556  0.994408   \n",
       "7             TMC64     0.952407      0.693939     0.573333  0.965019   \n",
       "8   BetaShap (U)100     0.858424      0.643636     0.515556  0.936525   \n",
       "9             TMC32     0.952655      0.593939     0.484444  0.968668   \n",
       "10   BetaShap (U)64     0.871418      0.552121     0.433333  0.953262   \n",
       "11              LOO     0.907301      0.513333     0.397778  0.926025   \n",
       "12   BetaShap (U)32     0.879316      0.484242     0.371111  0.948003   \n",
       "\n",
       "    Avg_Precision_at_1  Avg_Precision_at_3  Avg_Precision_at_5  \\\n",
       "0                 1.00            0.850000                0.85   \n",
       "1                 0.90            0.850000                0.80   \n",
       "2                 0.95            0.800000                0.82   \n",
       "3                 0.95            0.900000                0.80   \n",
       "4                 1.00            0.783333                0.79   \n",
       "5                 0.85            0.883333                0.74   \n",
       "6                 0.95            0.850000                0.73   \n",
       "7                 0.85            0.783333                0.77   \n",
       "8                 0.85            0.733333                0.73   \n",
       "9                 1.00            0.733333                0.67   \n",
       "10                0.95            0.733333                0.65   \n",
       "11                0.90            0.700000                0.63   \n",
       "12                0.95            0.683333                0.63   \n",
       "\n",
       "    Avg_Hit_rate_at_k  Avg_Reciprocal_rank  Num_Valid_Queries  \n",
       "0                 1.0                  1.0                 20  \n",
       "1                 1.0                  1.0                 20  \n",
       "2                 1.0                  1.0                 20  \n",
       "3                 1.0                  1.0                 20  \n",
       "4                 1.0                  1.0                 20  \n",
       "5                 1.0                  1.0                 20  \n",
       "6                 1.0                  1.0                 20  \n",
       "7                 1.0                  1.0                 20  \n",
       "8                 1.0                  1.0                 20  \n",
       "9                 1.0                  1.0                 20  \n",
       "10                1.0                  1.0                 20  \n",
       "11                1.0                  1.0                 20  \n",
       "12                1.0                  1.0                 20  "
      ]
     },
     "execution_count": 39,
     "metadata": {},
     "output_type": "execute_result"
    }
   ],
   "source": [
    "df_res_duplicate = pd.read_csv('../Experiment_data/20_duplicate/Qwen2.5-3B-Instruct/VANILLA_shapley_rag_experiment_summary3bcp.csv')\n",
    "df_res_duplicate"
   ]
  },
  {
   "cell_type": "code",
   "execution_count": 41,
   "id": "332ef8d4",
   "metadata": {},
   "outputs": [
    {
     "data": {
      "text/html": [
       "<div>\n",
       "<style scoped>\n",
       "    .dataframe tbody tr th:only-of-type {\n",
       "        vertical-align: middle;\n",
       "    }\n",
       "\n",
       "    .dataframe tbody tr th {\n",
       "        vertical-align: top;\n",
       "    }\n",
       "\n",
       "    .dataframe thead th {\n",
       "        text-align: right;\n",
       "    }\n",
       "</style>\n",
       "<table border=\"1\" class=\"dataframe\">\n",
       "  <thead>\n",
       "    <tr style=\"text-align: right;\">\n",
       "      <th></th>\n",
       "      <th>Method</th>\n",
       "      <th>Avg_Pearson</th>\n",
       "      <th>Avg_Spearman</th>\n",
       "      <th>Avg_Kendall</th>\n",
       "      <th>Avg_NDCG</th>\n",
       "      <th>Avg_Precision_at_1</th>\n",
       "      <th>Avg_Precision_at_3</th>\n",
       "      <th>Avg_Precision_at_5</th>\n",
       "      <th>Avg_Hit_rate_at_k</th>\n",
       "      <th>Avg_Reciprocal_rank</th>\n",
       "      <th>Num_Valid_Queries</th>\n",
       "    </tr>\n",
       "  </thead>\n",
       "  <tbody>\n",
       "    <tr>\n",
       "      <th>0</th>\n",
       "      <td>KernelShap100</td>\n",
       "      <td>0.996746</td>\n",
       "      <td>0.872121</td>\n",
       "      <td>0.766667</td>\n",
       "      <td>0.996918</td>\n",
       "      <td>1.0</td>\n",
       "      <td>0.866667</td>\n",
       "      <td>0.84</td>\n",
       "      <td>1.0</td>\n",
       "      <td>1.0</td>\n",
       "      <td>20</td>\n",
       "    </tr>\n",
       "    <tr>\n",
       "      <th>1</th>\n",
       "      <td>ContextCite100</td>\n",
       "      <td>0.994872</td>\n",
       "      <td>0.833333</td>\n",
       "      <td>0.715556</td>\n",
       "      <td>0.993441</td>\n",
       "      <td>1.0</td>\n",
       "      <td>0.883333</td>\n",
       "      <td>0.83</td>\n",
       "      <td>1.0</td>\n",
       "      <td>1.0</td>\n",
       "      <td>20</td>\n",
       "    </tr>\n",
       "    <tr>\n",
       "      <th>2</th>\n",
       "      <td>KernelShap64</td>\n",
       "      <td>0.994172</td>\n",
       "      <td>0.824848</td>\n",
       "      <td>0.702222</td>\n",
       "      <td>0.992397</td>\n",
       "      <td>1.0</td>\n",
       "      <td>0.800000</td>\n",
       "      <td>0.80</td>\n",
       "      <td>1.0</td>\n",
       "      <td>1.0</td>\n",
       "      <td>20</td>\n",
       "    </tr>\n",
       "    <tr>\n",
       "      <th>3</th>\n",
       "      <td>KernelShap32</td>\n",
       "      <td>0.980964</td>\n",
       "      <td>0.800000</td>\n",
       "      <td>0.673333</td>\n",
       "      <td>0.988054</td>\n",
       "      <td>1.0</td>\n",
       "      <td>0.750000</td>\n",
       "      <td>0.82</td>\n",
       "      <td>1.0</td>\n",
       "      <td>1.0</td>\n",
       "      <td>20</td>\n",
       "    </tr>\n",
       "    <tr>\n",
       "      <th>4</th>\n",
       "      <td>TMC100</td>\n",
       "      <td>0.989563</td>\n",
       "      <td>0.796970</td>\n",
       "      <td>0.673333</td>\n",
       "      <td>0.993458</td>\n",
       "      <td>1.0</td>\n",
       "      <td>0.783333</td>\n",
       "      <td>0.82</td>\n",
       "      <td>1.0</td>\n",
       "      <td>1.0</td>\n",
       "      <td>20</td>\n",
       "    </tr>\n",
       "    <tr>\n",
       "      <th>5</th>\n",
       "      <td>ContextCite64</td>\n",
       "      <td>0.991612</td>\n",
       "      <td>0.768485</td>\n",
       "      <td>0.640000</td>\n",
       "      <td>0.986293</td>\n",
       "      <td>1.0</td>\n",
       "      <td>0.750000</td>\n",
       "      <td>0.81</td>\n",
       "      <td>1.0</td>\n",
       "      <td>1.0</td>\n",
       "      <td>20</td>\n",
       "    </tr>\n",
       "    <tr>\n",
       "      <th>6</th>\n",
       "      <td>TMC64</td>\n",
       "      <td>0.984626</td>\n",
       "      <td>0.740000</td>\n",
       "      <td>0.622222</td>\n",
       "      <td>0.988954</td>\n",
       "      <td>1.0</td>\n",
       "      <td>0.766667</td>\n",
       "      <td>0.76</td>\n",
       "      <td>1.0</td>\n",
       "      <td>1.0</td>\n",
       "      <td>20</td>\n",
       "    </tr>\n",
       "    <tr>\n",
       "      <th>7</th>\n",
       "      <td>TMC32</td>\n",
       "      <td>0.968370</td>\n",
       "      <td>0.689697</td>\n",
       "      <td>0.564444</td>\n",
       "      <td>0.990933</td>\n",
       "      <td>1.0</td>\n",
       "      <td>0.816667</td>\n",
       "      <td>0.73</td>\n",
       "      <td>1.0</td>\n",
       "      <td>1.0</td>\n",
       "      <td>20</td>\n",
       "    </tr>\n",
       "    <tr>\n",
       "      <th>8</th>\n",
       "      <td>ContextCite32</td>\n",
       "      <td>0.971317</td>\n",
       "      <td>0.689091</td>\n",
       "      <td>0.568889</td>\n",
       "      <td>0.984817</td>\n",
       "      <td>1.0</td>\n",
       "      <td>0.750000</td>\n",
       "      <td>0.71</td>\n",
       "      <td>1.0</td>\n",
       "      <td>1.0</td>\n",
       "      <td>20</td>\n",
       "    </tr>\n",
       "    <tr>\n",
       "      <th>9</th>\n",
       "      <td>BetaShap (U)100</td>\n",
       "      <td>0.872770</td>\n",
       "      <td>0.615152</td>\n",
       "      <td>0.495556</td>\n",
       "      <td>0.963234</td>\n",
       "      <td>0.9</td>\n",
       "      <td>0.650000</td>\n",
       "      <td>0.70</td>\n",
       "      <td>1.0</td>\n",
       "      <td>1.0</td>\n",
       "      <td>20</td>\n",
       "    </tr>\n",
       "    <tr>\n",
       "      <th>10</th>\n",
       "      <td>BetaShap (U)32</td>\n",
       "      <td>0.852856</td>\n",
       "      <td>0.596970</td>\n",
       "      <td>0.488889</td>\n",
       "      <td>0.973510</td>\n",
       "      <td>0.9</td>\n",
       "      <td>0.733333</td>\n",
       "      <td>0.69</td>\n",
       "      <td>1.0</td>\n",
       "      <td>1.0</td>\n",
       "      <td>20</td>\n",
       "    </tr>\n",
       "    <tr>\n",
       "      <th>11</th>\n",
       "      <td>BetaShap (U)64</td>\n",
       "      <td>0.845104</td>\n",
       "      <td>0.550909</td>\n",
       "      <td>0.446667</td>\n",
       "      <td>0.968672</td>\n",
       "      <td>0.9</td>\n",
       "      <td>0.716667</td>\n",
       "      <td>0.66</td>\n",
       "      <td>1.0</td>\n",
       "      <td>1.0</td>\n",
       "      <td>20</td>\n",
       "    </tr>\n",
       "    <tr>\n",
       "      <th>12</th>\n",
       "      <td>LOO</td>\n",
       "      <td>0.964298</td>\n",
       "      <td>0.485455</td>\n",
       "      <td>0.371111</td>\n",
       "      <td>0.969723</td>\n",
       "      <td>1.0</td>\n",
       "      <td>0.650000</td>\n",
       "      <td>0.66</td>\n",
       "      <td>1.0</td>\n",
       "      <td>1.0</td>\n",
       "      <td>20</td>\n",
       "    </tr>\n",
       "  </tbody>\n",
       "</table>\n",
       "</div>"
      ],
      "text/plain": [
       "             Method  Avg_Pearson  Avg_Spearman  Avg_Kendall  Avg_NDCG  \\\n",
       "0     KernelShap100     0.996746      0.872121     0.766667  0.996918   \n",
       "1    ContextCite100     0.994872      0.833333     0.715556  0.993441   \n",
       "2      KernelShap64     0.994172      0.824848     0.702222  0.992397   \n",
       "3      KernelShap32     0.980964      0.800000     0.673333  0.988054   \n",
       "4            TMC100     0.989563      0.796970     0.673333  0.993458   \n",
       "5     ContextCite64     0.991612      0.768485     0.640000  0.986293   \n",
       "6             TMC64     0.984626      0.740000     0.622222  0.988954   \n",
       "7             TMC32     0.968370      0.689697     0.564444  0.990933   \n",
       "8     ContextCite32     0.971317      0.689091     0.568889  0.984817   \n",
       "9   BetaShap (U)100     0.872770      0.615152     0.495556  0.963234   \n",
       "10   BetaShap (U)32     0.852856      0.596970     0.488889  0.973510   \n",
       "11   BetaShap (U)64     0.845104      0.550909     0.446667  0.968672   \n",
       "12              LOO     0.964298      0.485455     0.371111  0.969723   \n",
       "\n",
       "    Avg_Precision_at_1  Avg_Precision_at_3  Avg_Precision_at_5  \\\n",
       "0                  1.0            0.866667                0.84   \n",
       "1                  1.0            0.883333                0.83   \n",
       "2                  1.0            0.800000                0.80   \n",
       "3                  1.0            0.750000                0.82   \n",
       "4                  1.0            0.783333                0.82   \n",
       "5                  1.0            0.750000                0.81   \n",
       "6                  1.0            0.766667                0.76   \n",
       "7                  1.0            0.816667                0.73   \n",
       "8                  1.0            0.750000                0.71   \n",
       "9                  0.9            0.650000                0.70   \n",
       "10                 0.9            0.733333                0.69   \n",
       "11                 0.9            0.716667                0.66   \n",
       "12                 1.0            0.650000                0.66   \n",
       "\n",
       "    Avg_Hit_rate_at_k  Avg_Reciprocal_rank  Num_Valid_Queries  \n",
       "0                 1.0                  1.0                 20  \n",
       "1                 1.0                  1.0                 20  \n",
       "2                 1.0                  1.0                 20  \n",
       "3                 1.0                  1.0                 20  \n",
       "4                 1.0                  1.0                 20  \n",
       "5                 1.0                  1.0                 20  \n",
       "6                 1.0                  1.0                 20  \n",
       "7                 1.0                  1.0                 20  \n",
       "8                 1.0                  1.0                 20  \n",
       "9                 1.0                  1.0                 20  \n",
       "10                1.0                  1.0                 20  \n",
       "11                1.0                  1.0                 20  \n",
       "12                1.0                  1.0                 20  "
      ]
     },
     "execution_count": 41,
     "metadata": {},
     "output_type": "execute_result"
    }
   ],
   "source": [
    "df_res_synergy = pd.read_csv('../Experiment_data/20_synergy/Qwen2.5-3B-Instruct/VANILLA_shapley_rag_experiment_summary3bcp.csv')\n",
    "df_res_synergy\n"
   ]
  },
  {
   "cell_type": "code",
   "execution_count": null,
   "id": "aaf183b2",
   "metadata": {},
   "outputs": [],
   "source": [
    "def create_id(df : pd.DataFrame) -> pd.DataFrame: \n",
    "    letters = list(string.ascii_uppercase[: len(eval(df.context.loc[0]))])\n",
    "    df[\"doc_id\"] = np.vstack([letters]*df.shape[0]).tolist()\n",
    "    return df"
   ]
  },
  {
   "cell_type": "code",
   "execution_count": null,
   "id": "c8bdacb1",
   "metadata": {},
   "outputs": [],
   "source": [
    "df_bio = pd.read_csv('../data/BIOASK.csv')\n",
    "# df_bio.drop(df_bio.columns[0], axis = 1, inplace=True)\n",
    "df_bio = create_id(df_bio.copy())\n",
    "df_bio.to_csv('../data/BIOASK.csv', index = False)"
   ]
  },
  {
   "cell_type": "code",
   "execution_count": 72,
   "id": "1c3d100e",
   "metadata": {},
   "outputs": [],
   "source": [
    "df_nq = pd.read_csv(\"../data/NQ.csv\")\n",
    "df_nq = create_id(df_nq.copy())\n",
    "df_nq.to_csv('../data/NQ.csv', index = False)"
   ]
  }
 ],
 "metadata": {
  "kernelspec": {
   "display_name": ".venv",
   "language": "python",
   "name": "python3"
  },
  "language_info": {
   "codemirror_mode": {
    "name": "ipython",
    "version": 3
   },
   "file_extension": ".py",
   "mimetype": "text/x-python",
   "name": "python",
   "nbconvert_exporter": "python",
   "pygments_lexer": "ipython3",
   "version": "3.12.8"
  }
 },
 "nbformat": 4,
 "nbformat_minor": 5
}
