Question_Index,Query,Method,Pearson,Spearman,NDCG,KendallTau,Precision_at_1,Precision_at_3,Precision_at_5,Hit_rate_at_k,Reciprocal_Rank,Num_Items
0,What is the association between cell phone use and glioblastoma?,ContextCite32,0.9910497458797806,0.35757575757575755,0.9468146929318415,0.28888888888888886,1.0,0.3333333333333333,0.4,1,1.0,10
0,What is the association between cell phone use and glioblastoma?,KernelShap32,0.988029615975437,0.6848484848484848,0.9841645575695286,0.5555555555555555,1.0,0.6666666666666666,0.6,1,1.0,10
0,What is the association between cell phone use and glioblastoma?,BetaShap (U)32,0.985619491111183,0.8181818181818182,0.9842571157480284,0.7333333333333333,1.0,0.6666666666666666,0.8,1,1.0,10
0,What is the association between cell phone use and glioblastoma?,TMC32,0.9907100561092335,0.7818181818181817,0.9842571157480284,0.6444444444444444,1.0,0.6666666666666666,0.8,1,1.0,10
0,What is the association between cell phone use and glioblastoma?,ContextCite64,0.9944089750339328,0.4787878787878787,0.9468146929318415,0.4222222222222222,1.0,0.3333333333333333,0.6,1,1.0,10
0,What is the association between cell phone use and glioblastoma?,KernelShap64,0.9931652438981349,0.5636363636363636,0.9739503939629769,0.4222222222222222,1.0,0.6666666666666666,0.4,1,1.0,10
0,What is the association between cell phone use and glioblastoma?,BetaShap (U)64,0.980765134350014,0.8545454545454544,0.9842571157480284,0.6888888888888888,1.0,0.6666666666666666,0.8,1,1.0,10
0,What is the association between cell phone use and glioblastoma?,TMC64,0.9979701835168896,0.9151515151515152,0.9842571157480284,0.7777777777777777,1.0,0.6666666666666666,1.0,1,1.0,10
0,What is the association between cell phone use and glioblastoma?,ContextCite100,0.9967143048124703,0.7454545454545454,0.9841645575695286,0.6,1.0,0.6666666666666666,0.6,1,1.0,10
0,What is the association between cell phone use and glioblastoma?,KernelShap100,0.9987663522678378,0.6969696969696969,1.0,0.6,1.0,1.0,0.6,1,1.0,10
0,What is the association between cell phone use and glioblastoma?,BetaShap (U)100,0.9713315678944145,0.8666666666666665,0.9709095711095669,0.6888888888888888,1.0,0.6666666666666666,1.0,1,1.0,10
0,What is the association between cell phone use and glioblastoma?,TMC100,0.9992576096065744,0.9393939393939393,1.0,0.8222222222222221,1.0,1.0,1.0,1,1.0,10
0,What is the association between cell phone use and glioblastoma?,LOO,0.982908883503148,0.6848484848484848,1.0,0.5555555555555555,1.0,1.0,0.6,1,1.0,10
1,Which disease of the central nervous system is characterized by the presence of Lewy bodies?,ContextCite32,0.9889797249874018,0.9272727272727272,1.0000000000000002,0.7777777777777777,1.0,1.0,1.0,1,1.0,10
1,Which disease of the central nervous system is characterized by the presence of Lewy bodies?,KernelShap32,0.9479005447591735,0.8181818181818182,0.9357120135540976,0.6444444444444444,1.0,0.6666666666666666,1.0,1,1.0,10
1,Which disease of the central nervous system is characterized by the presence of Lewy bodies?,BetaShap (U)32,0.8665427096897763,0.8303030303030302,0.9627086174836691,0.6444444444444444,1.0,0.6666666666666666,1.0,1,1.0,10
1,Which disease of the central nervous system is characterized by the presence of Lewy bodies?,TMC32,0.92854724574574,0.8424242424242423,0.8928885632115864,0.6888888888888888,1.0,0.3333333333333333,0.8,1,1.0,10
1,Which disease of the central nervous system is characterized by the presence of Lewy bodies?,ContextCite64,0.9945830061972729,0.9515151515151514,1.0000000000000002,0.8666666666666666,1.0,1.0,1.0,1,1.0,10
1,Which disease of the central nervous system is characterized by the presence of Lewy bodies?,KernelShap64,0.9835400978109473,0.9393939393939393,0.9715952863539928,0.8222222222222221,1.0,0.6666666666666666,1.0,1,1.0,10
1,Which disease of the central nervous system is characterized by the presence of Lewy bodies?,BetaShap (U)64,0.8254299586243982,0.8181818181818182,0.9646145939733679,0.6888888888888888,1.0,0.6666666666666666,0.8,1,1.0,10
1,Which disease of the central nervous system is characterized by the presence of Lewy bodies?,TMC64,0.9714882987770569,0.8666666666666665,0.9646145939733679,0.7777777777777777,1.0,0.6666666666666666,0.8,1,1.0,10
1,Which disease of the central nervous system is characterized by the presence of Lewy bodies?,ContextCite100,0.9937313867295818,0.9515151515151514,1.0000000000000002,0.8666666666666666,1.0,1.0,1.0,1,1.0,10
1,Which disease of the central nervous system is characterized by the presence of Lewy bodies?,KernelShap100,0.9905351960392892,0.9515151515151514,0.9715952863539928,0.8666666666666666,1.0,0.6666666666666666,1.0,1,1.0,10
1,Which disease of the central nervous system is characterized by the presence of Lewy bodies?,BetaShap (U)100,0.8348259838415599,0.7696969696969697,0.9646145939733679,0.6444444444444444,1.0,0.6666666666666666,0.6,1,1.0,10
1,Which disease of the central nervous system is characterized by the presence of Lewy bodies?,TMC100,0.9803370535695572,0.8909090909090909,0.9646145939733679,0.7777777777777777,1.0,0.6666666666666666,0.8,1,1.0,10
1,Which disease of the central nervous system is characterized by the presence of Lewy bodies?,LOO,0.9011715884176279,0.5393939393939393,0.8363747239887743,0.3333333333333333,1.0,0.3333333333333333,0.8,1,1.0,10
2,The NoSAS Score can be used for screening of which disorders?,ContextCite32,0.35916726919344044,0.16363636363636364,0.5158171101533893,0.06666666666666667,0.0,0.6666666666666666,0.6,1,0.5,10
2,The NoSAS Score can be used for screening of which disorders?,KernelShap32,0.8682532704197997,0.8909090909090909,0.825740788080386,0.7333333333333333,0.0,0.6666666666666666,0.8,1,1.0,10
2,The NoSAS Score can be used for screening of which disorders?,BetaShap (U)32,0.7484678454065006,0.5757575757575757,0.7582530726203411,0.4222222222222222,0.0,0.6666666666666666,0.8,1,1.0,10
2,The NoSAS Score can be used for screening of which disorders?,TMC32,0.7666895082780205,0.3939393939393939,0.8085642442583418,0.28888888888888886,1.0,0.6666666666666666,0.4,1,1.0,10
2,The NoSAS Score can be used for screening of which disorders?,ContextCite64,0.6774138123839677,0.4545454545454545,1.0,0.3333333333333333,1.0,1.0,0.6,1,1.0,10
2,The NoSAS Score can be used for screening of which disorders?,KernelShap64,0.9174245659019439,0.7818181818181817,1.0,0.6444444444444444,1.0,1.0,0.8,1,1.0,10
2,The NoSAS Score can be used for screening of which disorders?,BetaShap (U)64,0.6922654615316877,0.7818181818181817,0.7715975730253964,0.6,0.0,0.6666666666666666,1.0,1,1.0,10
2,The NoSAS Score can be used for screening of which disorders?,TMC64,0.7693855285532712,0.6,0.825740788080386,0.4666666666666666,0.0,0.6666666666666666,0.6,1,1.0,10
2,The NoSAS Score can be used for screening of which disorders?,ContextCite100,0.7744580779759329,0.33333333333333326,1.0,0.1111111111111111,1.0,1.0,0.6,1,1.0,10
2,The NoSAS Score can be used for screening of which disorders?,KernelShap100,0.9431856729666043,0.9393939393939393,1.0,0.8222222222222221,1.0,1.0,0.8,1,1.0,10
2,The NoSAS Score can be used for screening of which disorders?,BetaShap (U)100,0.8207165801054996,0.8181818181818182,0.8659292250498345,0.6444444444444444,1.0,0.6666666666666666,1.0,1,1.0,10
2,The NoSAS Score can be used for screening of which disorders?,TMC100,0.8977754213586117,0.9272727272727272,0.9496888283619992,0.8222222222222221,0.0,1.0,1.0,1,1.0,10
2,The NoSAS Score can be used for screening of which disorders?,LOO,0.5976863185466802,-0.10303030303030303,0.5485041635273782,-0.15555555555555553,1.0,0.3333333333333333,0.4,1,1.0,10
3,What species is associated with Tetrodotoxin?,ContextCite32,0.9479443689653829,0.7333333333333332,0.9242359997092007,0.6,1.0,0.6666666666666666,0.8,1,1.0,10
3,What species is associated with Tetrodotoxin?,KernelShap32,0.9791829970713315,0.8424242424242423,1.0000000000000002,0.7333333333333333,1.0,1.0,0.8,1,1.0,10
3,What species is associated with Tetrodotoxin?,BetaShap (U)32,0.8355420635606948,0.6848484848484848,1.0000000000000002,0.5555555555555555,1.0,1.0,0.8,1,1.0,10
3,What species is associated with Tetrodotoxin?,TMC32,0.9479992196118834,0.8303030303030302,1.0000000000000002,0.7333333333333333,1.0,1.0,0.8,1,1.0,10
3,What species is associated with Tetrodotoxin?,ContextCite64,0.9760233061332808,0.6727272727272726,1.0000000000000002,0.5111111111111111,1.0,1.0,0.8,1,1.0,10
3,What species is associated with Tetrodotoxin?,KernelShap64,0.9916955440210498,0.9151515151515152,1.0000000000000002,0.8222222222222221,1.0,1.0,0.8,1,1.0,10
3,What species is associated with Tetrodotoxin?,BetaShap (U)64,0.8651504147639082,0.6121212121212121,1.0000000000000002,0.4666666666666666,1.0,1.0,0.8,1,1.0,10
3,What species is associated with Tetrodotoxin?,TMC64,0.988859716031955,0.8545454545454544,1.0000000000000002,0.7333333333333333,1.0,1.0,1.0,1,1.0,10
3,What species is associated with Tetrodotoxin?,ContextCite100,0.9868050315120881,0.8181818181818182,1.0000000000000002,0.6888888888888888,1.0,1.0,0.8,1,1.0,10
3,What species is associated with Tetrodotoxin?,KernelShap100,0.990504784688013,0.9393939393939393,1.0000000000000002,0.8222222222222221,1.0,1.0,0.8,1,1.0,10
3,What species is associated with Tetrodotoxin?,BetaShap (U)100,0.9177441044413537,0.8545454545454544,0.9927686762007624,0.6888888888888888,1.0,1.0,0.8,1,1.0,10
3,What species is associated with Tetrodotoxin?,TMC100,0.9952883513184616,0.8666666666666665,1.0000000000000002,0.7777777777777777,1.0,1.0,1.0,1,1.0,10
3,What species is associated with Tetrodotoxin?,LOO,0.973310488558015,0.7333333333333332,0.9927686762007624,0.5555555555555555,1.0,1.0,0.8,1,1.0,10
4,Does a selective sweep increase genetic variation?,ContextCite32,0.9281705553610091,0.7696969696969697,0.92948803335106,0.6,1.0,0.6666666666666666,0.6,1,1.0,10
4,Does a selective sweep increase genetic variation?,KernelShap32,0.9054888466292339,0.6727272727272726,0.8872336374789079,0.5555555555555555,1.0,0.6666666666666666,0.8,1,1.0,10
4,Does a selective sweep increase genetic variation?,BetaShap (U)32,-0.11195141405009096,0.09090909090909088,0.453866970786379,0.06666666666666667,0.0,0.3333333333333333,0.6,1,1.0,10
4,Does a selective sweep increase genetic variation?,TMC32,0.7140448848249218,0.6363636363636362,0.8816311581582637,0.4222222222222222,0.0,1.0,0.8,1,1.0,10
4,Does a selective sweep increase genetic variation?,ContextCite64,0.9703538507529845,0.8666666666666665,0.9785593303746694,0.7777777777777777,1.0,0.6666666666666666,0.8,1,1.0,10
4,Does a selective sweep increase genetic variation?,KernelShap64,0.9213014683038465,0.7575757575757575,0.9521041836572324,0.6,1.0,0.6666666666666666,0.8,1,1.0,10
4,Does a selective sweep increase genetic variation?,BetaShap (U)64,-0.07220104084100924,0.07878787878787878,0.4803778340284243,0.1111111111111111,0.0,0.6666666666666666,0.6,1,1.0,10
4,Does a selective sweep increase genetic variation?,TMC64,0.8759655603074339,0.9030303030303028,0.8816311581582637,0.7777777777777777,0.0,1.0,1.0,1,1.0,10
4,Does a selective sweep increase genetic variation?,ContextCite100,0.9637894935180703,0.8787878787878788,0.9785593303746694,0.7333333333333333,1.0,0.6666666666666666,0.8,1,1.0,10
4,Does a selective sweep increase genetic variation?,KernelShap100,0.9354816930718808,0.7818181818181817,0.9785593303746694,0.6,1.0,0.6666666666666666,0.8,1,1.0,10
4,Does a selective sweep increase genetic variation?,BetaShap (U)100,0.12433901446144174,0.22424242424242422,0.4803778340284243,0.15555555555555553,0.0,0.6666666666666666,0.6,1,1.0,10
4,Does a selective sweep increase genetic variation?,TMC100,0.9483690142443493,0.8909090909090909,1.0000000000000002,0.7777777777777777,1.0,1.0,0.8,1,1.0,10
4,Does a selective sweep increase genetic variation?,LOO,0.7549012405953571,0.2606060606060606,0.8872336374789079,0.15555555555555553,1.0,0.6666666666666666,0.6,1,1.0,10
5,List markers for autophagy.,ContextCite32,0.9888928701843509,0.6363636363636362,1.0,0.5111111111111111,1.0,1.0,0.6,1,1.0,10
5,List markers for autophagy.,KernelShap32,0.9869162460114435,0.7575757575757575,1.0,0.6,1.0,1.0,0.6,1,1.0,10
5,List markers for autophagy.,BetaShap (U)32,0.9692312265748869,0.38181818181818183,0.86192559033211,0.28888888888888886,1.0,0.3333333333333333,0.6,1,1.0,10
5,List markers for autophagy.,TMC32,0.9712000040826916,0.4545454545454545,0.9406746220628011,0.3333333333333333,1.0,0.6666666666666666,0.6,1,1.0,10
5,List markers for autophagy.,ContextCite64,0.9976219316788986,0.8787878787878788,1.0,0.7777777777777777,1.0,1.0,0.8,1,1.0,10
5,List markers for autophagy.,KernelShap64,0.9956938020759906,0.8909090909090909,1.0,0.7777777777777777,1.0,1.0,0.8,1,1.0,10
5,List markers for autophagy.,BetaShap (U)64,0.9797840683758622,0.6969696969696969,0.8782037001573064,0.5111111111111111,1.0,0.3333333333333333,0.6,1,1.0,10
5,List markers for autophagy.,TMC64,0.9883592628706963,0.8545454545454544,1.0,0.6888888888888888,1.0,1.0,0.6,1,1.0,10
5,List markers for autophagy.,ContextCite100,0.9979457017109449,0.9393939393939393,1.0,0.8222222222222221,1.0,1.0,0.8,1,1.0,10
5,List markers for autophagy.,KernelShap100,0.9953676688262669,0.9393939393939393,1.0,0.8222222222222221,1.0,1.0,1.0,1,1.0,10
5,List markers for autophagy.,BetaShap (U)100,0.9450587170539644,0.6848484848484848,0.9599501023538731,0.5111111111111111,1.0,0.6666666666666666,0.8,1,1.0,10
5,List markers for autophagy.,TMC100,0.9923575963453581,0.8909090909090909,1.0,0.7777777777777777,1.0,1.0,0.8,1,1.0,10
5,List markers for autophagy.,LOO,0.9842160778389915,0.8060606060606059,1.0,0.6444444444444444,1.0,1.0,0.8,1,1.0,10
6,Can a circRNA be translated into protein?,ContextCite32,0.9679054777097295,0.9030303030303028,1.0,0.7777777777777777,1.0,1.0,1.0,1,1.0,10
6,Can a circRNA be translated into protein?,KernelShap32,0.9556037283031189,0.9030303030303028,1.0,0.7777777777777777,1.0,1.0,0.8,1,1.0,10
6,Can a circRNA be translated into protein?,BetaShap (U)32,0.7864451854628045,0.5515151515151515,0.9843003489093548,0.37777777777777777,1.0,0.6666666666666666,0.6,1,1.0,10
6,Can a circRNA be translated into protein?,TMC32,0.8724843711098068,0.6727272727272726,0.9843003489093548,0.4666666666666666,1.0,0.6666666666666666,0.8,1,1.0,10
6,Can a circRNA be translated into protein?,ContextCite64,0.9749889359985111,0.9151515151515152,1.0,0.8222222222222221,1.0,1.0,0.8,1,1.0,10
6,Can a circRNA be translated into protein?,KernelShap64,0.9868507305987406,0.8909090909090909,1.0,0.7777777777777777,1.0,1.0,0.8,1,1.0,10
6,Can a circRNA be translated into protein?,BetaShap (U)64,0.9286894779484358,0.6242424242424242,0.955401213826657,0.37777777777777777,1.0,0.6666666666666666,0.8,1,1.0,10
6,Can a circRNA be translated into protein?,TMC64,0.9063111231400218,0.5636363636363636,0.955401213826657,0.37777777777777777,1.0,0.6666666666666666,0.6,1,1.0,10
6,Can a circRNA be translated into protein?,ContextCite100,0.9814692836479001,0.9272727272727272,1.0,0.8222222222222221,1.0,1.0,0.8,1,1.0,10
6,Can a circRNA be translated into protein?,KernelShap100,0.9846110356661111,0.8666666666666665,1.0,0.7777777777777777,1.0,1.0,0.8,1,1.0,10
6,Can a circRNA be translated into protein?,BetaShap (U)100,0.9279374028867916,0.9030303030303028,0.9277569667368293,0.7777777777777777,1.0,0.6666666666666666,1.0,1,1.0,10
6,Can a circRNA be translated into protein?,TMC100,0.9701956808876304,0.8303030303030302,0.955401213826657,0.6888888888888888,1.0,0.6666666666666666,0.8,1,1.0,10
6,Can a circRNA be translated into protein?,LOO,0.9384767388579527,0.3696969696969697,0.9366229585948452,0.28888888888888886,1.0,0.6666666666666666,0.6,1,1.0,10
7,"There is no drug available to prevent HIV infection, Pre-exposure prophylaxis (PrEP), yes or no?",ContextCite32,0.615136608414703,0.6727272727272726,0.8790654125639925,0.5111111111111111,0.0,0.3333333333333333,0.8,1,1.0,10
7,"There is no drug available to prevent HIV infection, Pre-exposure prophylaxis (PrEP), yes or no?",KernelShap32,0.5447845149975803,0.6121212121212121,0.8794648650180125,0.4666666666666666,0.0,0.3333333333333333,0.8,1,1.0,10
7,"There is no drug available to prevent HIV infection, Pre-exposure prophylaxis (PrEP), yes or no?",BetaShap (U)32,0.2004861748465516,0.35757575757575755,0.7681351377472849,0.28888888888888886,0.0,0.3333333333333333,0.6,1,1.0,10
7,"There is no drug available to prevent HIV infection, Pre-exposure prophylaxis (PrEP), yes or no?",TMC32,0.41547811525534395,0.38181818181818183,0.8442255291850117,0.24444444444444444,0.0,0.6666666666666666,0.4,1,1.0,10
7,"There is no drug available to prevent HIV infection, Pre-exposure prophylaxis (PrEP), yes or no?",ContextCite64,0.6351969521040588,0.7212121212121211,0.9312396728633875,0.5555555555555555,1.0,0.6666666666666666,0.8,1,1.0,10
7,"There is no drug available to prevent HIV infection, Pre-exposure prophylaxis (PrEP), yes or no?",KernelShap64,0.7173711111831176,0.7818181818181817,0.9201866456855493,0.5555555555555555,1.0,0.3333333333333333,1.0,1,1.0,10
7,"There is no drug available to prevent HIV infection, Pre-exposure prophylaxis (PrEP), yes or no?",BetaShap (U)64,0.34860743203085187,0.3939393939393939,0.9065975818590296,0.28888888888888886,0.0,0.6666666666666666,0.6,1,1.0,10
7,"There is no drug available to prevent HIV infection, Pre-exposure prophylaxis (PrEP), yes or no?",TMC64,0.5277410503353439,0.3939393939393939,0.9136857916360411,0.19999999999999998,0.0,0.6666666666666666,0.6,1,1.0,10
7,"There is no drug available to prevent HIV infection, Pre-exposure prophylaxis (PrEP), yes or no?",ContextCite100,0.7455549917469565,0.8303030303030302,0.9312396728633875,0.6444444444444444,1.0,0.6666666666666666,1.0,1,1.0,10
7,"There is no drug available to prevent HIV infection, Pre-exposure prophylaxis (PrEP), yes or no?",KernelShap100,0.8952828972314735,0.8181818181818182,0.8790654125639925,0.6444444444444444,0.0,0.3333333333333333,1.0,1,1.0,10
7,"There is no drug available to prevent HIV infection, Pre-exposure prophylaxis (PrEP), yes or no?",BetaShap (U)100,0.32739852512299156,0.13939393939393938,0.7451924704145816,0.15555555555555553,0.0,0.3333333333333333,0.4,1,0.3333333333333333,10
7,"There is no drug available to prevent HIV infection, Pre-exposure prophylaxis (PrEP), yes or no?",TMC100,0.6157682964017362,0.5757575757575757,0.9869930000915185,0.3333333333333333,0.0,1.0,0.6,1,1.0,10
7,"There is no drug available to prevent HIV infection, Pre-exposure prophylaxis (PrEP), yes or no?",LOO,0.5681645723592971,0.7696969696969697,1.0000000000000002,0.6444444444444444,1.0,1.0,0.8,1,1.0,10
8,What is Hemophilic Pseudotumor?,ContextCite32,0.9909011573696906,0.9636363636363635,0.992754079142417,0.8666666666666666,1.0,0.6666666666666666,0.8,1,1.0,10
8,What is Hemophilic Pseudotumor?,KernelShap32,0.9912809072226505,0.8787878787878788,1.0,0.7333333333333333,1.0,1.0,0.8,1,1.0,10
8,What is Hemophilic Pseudotumor?,BetaShap (U)32,0.9105891725439982,0.8060606060606059,0.8834021942290696,0.6,1.0,0.3333333333333333,1.0,1,1.0,10
8,What is Hemophilic Pseudotumor?,TMC32,0.9630582866011671,0.9515151515151514,0.9656291347131946,0.8666666666666666,1.0,0.6666666666666666,1.0,1,1.0,10
8,What is Hemophilic Pseudotumor?,ContextCite64,0.9952683978753745,0.9151515151515152,0.992754079142417,0.7777777777777777,1.0,0.6666666666666666,0.8,1,1.0,10
8,What is Hemophilic Pseudotumor?,KernelShap64,0.9938089341342345,0.9151515151515152,0.9852277313258628,0.7777777777777777,1.0,0.6666666666666666,0.8,1,1.0,10
8,What is Hemophilic Pseudotumor?,BetaShap (U)64,0.9224517565097164,0.8060606060606059,0.9656291347131946,0.6444444444444444,1.0,0.6666666666666666,1.0,1,1.0,10
8,What is Hemophilic Pseudotumor?,TMC64,0.9929107982597513,0.9636363636363635,0.9656291347131946,0.911111111111111,1.0,0.6666666666666666,1.0,1,1.0,10
8,What is Hemophilic Pseudotumor?,ContextCite100,0.9952931124823187,0.9636363636363635,0.992754079142417,0.8666666666666666,1.0,0.6666666666666666,0.8,1,1.0,10
8,What is Hemophilic Pseudotumor?,KernelShap100,0.9977085875517674,0.9515151515151514,1.0,0.8666666666666666,1.0,1.0,1.0,1,1.0,10
8,What is Hemophilic Pseudotumor?,BetaShap (U)100,0.9616930534308183,0.8424242424242423,0.9656291347131946,0.7333333333333333,1.0,0.6666666666666666,0.8,1,1.0,10
8,What is Hemophilic Pseudotumor?,TMC100,0.9966473335765246,0.9757575757575757,0.992754079142417,0.911111111111111,1.0,0.6666666666666666,1.0,1,1.0,10
8,What is Hemophilic Pseudotumor?,LOO,0.9378798369256189,0.9030303030303028,0.992754079142417,0.7333333333333333,1.0,0.6666666666666666,0.8,1,1.0,10
9,What are the targets of avapritinib?,ContextCite32,0.9323939521113198,0.8424242424242423,1.0000000000000002,0.7333333333333333,1.0,1.0,0.8,1,1.0,10
9,What are the targets of avapritinib?,KernelShap32,0.9517161263717392,0.6121212121212121,0.9606650802219814,0.5111111111111111,1.0,0.6666666666666666,0.6,1,1.0,10
9,What are the targets of avapritinib?,BetaShap (U)32,0.6824725409127546,0.4787878787878787,0.9339335558618422,0.37777777777777777,1.0,0.6666666666666666,0.4,1,1.0,10
9,What are the targets of avapritinib?,TMC32,0.9124884258181347,0.5272727272727272,0.9772377377464224,0.4222222222222222,1.0,0.6666666666666666,0.4,1,1.0,10
9,What are the targets of avapritinib?,ContextCite64,0.9606800508274027,0.8545454545454544,1.0000000000000002,0.7333333333333333,1.0,1.0,0.8,1,1.0,10
9,What are the targets of avapritinib?,KernelShap64,0.9738789869303167,0.6606060606060605,1.0000000000000002,0.5111111111111111,1.0,1.0,0.8,1,1.0,10
9,What are the targets of avapritinib?,BetaShap (U)64,0.8544781830091033,0.6121212121212121,0.9772377377464224,0.5111111111111111,1.0,0.6666666666666666,0.6,1,1.0,10
9,What are the targets of avapritinib?,TMC64,0.9476839983396861,0.5636363636363636,0.9772377377464224,0.4222222222222222,1.0,0.6666666666666666,0.6,1,1.0,10
9,What are the targets of avapritinib?,ContextCite100,0.9788429862755608,0.6363636363636362,0.9753591071777425,0.5111111111111111,1.0,0.6666666666666666,0.4,1,1.0,10
9,What are the targets of avapritinib?,KernelShap100,0.9767873785137843,0.8545454545454544,0.9897937831929169,0.6888888888888888,1.0,0.6666666666666666,1.0,1,1.0,10
9,What are the targets of avapritinib?,BetaShap (U)100,0.867150050687197,0.5515151515151515,0.9772377377464224,0.4666666666666666,1.0,0.6666666666666666,0.6,1,1.0,10
9,What are the targets of avapritinib?,TMC100,0.954452553388623,0.5515151515151515,0.9772377377464224,0.4222222222222222,1.0,0.6666666666666666,0.6,1,1.0,10
9,What are the targets of avapritinib?,LOO,0.8070748342193916,0.5151515151515151,0.9834873187614731,0.4222222222222222,1.0,0.6666666666666666,0.6,1,1.0,10
10,What is the function of Circular RNA (circRNA)?,ContextCite32,0.9961525909267588,0.9636363636363635,0.9937022028403777,0.8666666666666666,1.0,1.0,1.0,1,1.0,10
10,What is the function of Circular RNA (circRNA)?,KernelShap32,0.9861930252091382,0.8666666666666665,0.9937022028403777,0.6888888888888888,1.0,1.0,0.8,1,1.0,10
10,What is the function of Circular RNA (circRNA)?,BetaShap (U)32,0.6633056070055297,0.5878787878787878,0.935627844881298,0.4666666666666666,1.0,0.6666666666666666,0.6,1,1.0,10
10,What is the function of Circular RNA (circRNA)?,TMC32,0.9458639063177716,0.8787878787878788,0.9297167065081707,0.7333333333333333,1.0,0.6666666666666666,0.8,1,1.0,10
10,What is the function of Circular RNA (circRNA)?,ContextCite64,0.9933859478935938,0.9393939393939393,0.9937022028403777,0.8222222222222221,1.0,1.0,1.0,1,1.0,10
10,What is the function of Circular RNA (circRNA)?,KernelShap64,0.9954580698444512,0.9757575757575757,1.0,0.911111111111111,1.0,1.0,1.0,1,1.0,10
10,What is the function of Circular RNA (circRNA)?,BetaShap (U)64,0.716979517941971,0.41818181818181815,0.9239933110983699,0.28888888888888886,1.0,0.6666666666666666,0.6,1,1.0,10
10,What is the function of Circular RNA (circRNA)?,TMC64,0.9821645541236159,0.9878787878787878,1.0,0.9555555555555554,1.0,1.0,1.0,1,1.0,10
10,What is the function of Circular RNA (circRNA)?,ContextCite100,0.9922218146651935,0.9393939393939393,0.9937022028403777,0.8222222222222221,1.0,1.0,1.0,1,1.0,10
10,What is the function of Circular RNA (circRNA)?,KernelShap100,0.995716898686788,0.9757575757575757,1.0,0.911111111111111,1.0,1.0,1.0,1,1.0,10
10,What is the function of Circular RNA (circRNA)?,BetaShap (U)100,0.7548265341482533,0.6363636363636362,0.9239933110983699,0.5111111111111111,1.0,0.6666666666666666,0.6,1,1.0,10
10,What is the function of Circular RNA (circRNA)?,TMC100,0.9948945295792097,0.9393939393939393,1.0,0.8666666666666666,1.0,1.0,0.8,1,1.0,10
10,What is the function of Circular RNA (circRNA)?,LOO,0.9725464218068396,0.5393939393939393,0.9937022028403777,0.37777777777777777,1.0,1.0,0.8,1,1.0,10
11,Where is X-ray free electron laser used?,ContextCite32,0.9969309289931322,0.9999999999999999,1.0000000000000002,0.9999999999999999,1.0,1.0,1.0,1,1.0,10
11,Where is X-ray free electron laser used?,KernelShap32,0.9794891465483528,0.9757575757575757,1.0000000000000002,0.911111111111111,1.0,1.0,1.0,1,1.0,10
11,Where is X-ray free electron laser used?,BetaShap (U)32,0.9420583362204668,0.8666666666666665,0.9534343837865193,0.7333333333333333,1.0,0.6666666666666666,1.0,1,1.0,10
11,Where is X-ray free electron laser used?,TMC32,0.9618992087116844,0.9515151515151514,1.0000000000000002,0.8666666666666666,1.0,1.0,1.0,1,1.0,10
11,Where is X-ray free electron laser used?,ContextCite64,0.9981723249912817,0.9878787878787878,0.9990227963412289,0.9555555555555554,1.0,1.0,1.0,1,1.0,10
11,Where is X-ray free electron laser used?,KernelShap64,0.9863745687618558,0.9878787878787878,0.9990227963412289,0.9555555555555554,1.0,1.0,1.0,1,1.0,10
11,Where is X-ray free electron laser used?,BetaShap (U)64,0.8248057472609256,0.8424242424242423,0.837247573608875,0.7333333333333333,0.0,0.6666666666666666,1.0,1,1.0,10
11,Where is X-ray free electron laser used?,TMC64,0.9587353383065156,0.9030303030303028,0.949702597725233,0.7777777777777777,1.0,0.6666666666666666,1.0,1,1.0,10
11,Where is X-ray free electron laser used?,ContextCite100,0.9964619180379362,0.9878787878787878,1.0000000000000002,0.9555555555555554,1.0,1.0,1.0,1,1.0,10
11,Where is X-ray free electron laser used?,KernelShap100,0.9908092356930921,0.9878787878787878,0.9990227963412289,0.9555555555555554,1.0,1.0,1.0,1,1.0,10
11,Where is X-ray free electron laser used?,BetaShap (U)100,0.8383624998591447,0.8181818181818182,0.8335157875475889,0.6888888888888888,0.0,0.6666666666666666,0.8,1,1.0,10
11,Where is X-ray free electron laser used?,TMC100,0.9817852105853546,0.9151515151515152,0.9591630480966324,0.8222222222222221,1.0,0.6666666666666666,1.0,1,1.0,10
11,Where is X-ray free electron laser used?,LOO,0.9575057583746346,0.9030303030303028,0.949702597725233,0.7777777777777777,1.0,0.6666666666666666,1.0,1,1.0,10
12,What is holoprosencephaly?,ContextCite32,0.9846810254773124,0.8787878787878788,1.0,0.7333333333333333,1.0,1.0,0.6,1,1.0,10
12,What is holoprosencephaly?,KernelShap32,0.9818590473421879,0.8181818181818182,1.0,0.6888888888888888,1.0,1.0,0.8,1,1.0,10
12,What is holoprosencephaly?,BetaShap (U)32,0.9417127948715852,0.8909090909090909,1.0,0.7777777777777777,1.0,1.0,1.0,1,1.0,10
12,What is holoprosencephaly?,TMC32,0.9832239232473279,0.8909090909090909,1.0,0.7777777777777777,1.0,1.0,1.0,1,1.0,10
12,What is holoprosencephaly?,ContextCite64,0.9900577698941793,0.9272727272727272,1.0,0.8666666666666666,1.0,1.0,0.8,1,1.0,10
12,What is holoprosencephaly?,KernelShap64,0.9919721783612185,0.9757575757575757,1.0,0.911111111111111,1.0,1.0,1.0,1,1.0,10
12,What is holoprosencephaly?,BetaShap (U)64,0.9126078983751458,0.9515151515151514,1.0,0.8666666666666666,1.0,1.0,1.0,1,1.0,10
12,What is holoprosencephaly?,TMC64,0.9848477991913918,0.9515151515151514,0.9744414178740619,0.8666666666666666,1.0,0.6666666666666666,1.0,1,1.0,10
12,What is holoprosencephaly?,ContextCite100,0.991367696015033,0.9272727272727272,1.0,0.8666666666666666,1.0,1.0,0.8,1,1.0,10
12,What is holoprosencephaly?,KernelShap100,0.9961553275027262,0.9636363636363635,1.0,0.911111111111111,1.0,1.0,0.8,1,1.0,10
12,What is holoprosencephaly?,BetaShap (U)100,0.9308025259246463,0.9757575757575757,1.0,0.911111111111111,1.0,1.0,0.8,1,1.0,10
12,What is holoprosencephaly?,TMC100,0.9904150466492317,0.9393939393939393,1.0,0.8666666666666666,1.0,1.0,0.8,1,1.0,10
12,What is holoprosencephaly?,LOO,0.9631402529377464,0.7212121212121211,0.9744414178740619,0.6,1.0,0.6666666666666666,0.8,1,1.0,10
13,What is Pseudomelanosis duodeni?,ContextCite32,0.9979678349214361,0.5030303030303029,0.9867446174383525,0.4222222222222222,1.0,0.6666666666666666,0.6,1,1.0,10
13,What is Pseudomelanosis duodeni?,KernelShap32,0.9983113469939595,0.6727272727272726,0.9933291614858747,0.6,1.0,0.6666666666666666,0.8,1,1.0,10
13,What is Pseudomelanosis duodeni?,BetaShap (U)32,0.9794184131812096,0.3696969696969697,0.9933291614858747,0.24444444444444444,1.0,0.6666666666666666,0.4,1,1.0,10
13,What is Pseudomelanosis duodeni?,TMC32,0.9984444590404596,0.6606060606060605,0.9962819438866972,0.5555555555555555,1.0,0.6666666666666666,0.6,1,1.0,10
13,What is Pseudomelanosis duodeni?,ContextCite64,0.999542486242968,0.8424242424242423,0.9980208259405365,0.6888888888888888,1.0,1.0,0.8,1,1.0,10
13,What is Pseudomelanosis duodeni?,KernelShap64,0.9996159413316463,0.8545454545454544,0.9962819438866972,0.7333333333333333,1.0,0.6666666666666666,0.8,1,1.0,10
13,What is Pseudomelanosis duodeni?,BetaShap (U)64,0.9804039602973209,0.3696969696969697,0.9851922215702764,0.28888888888888886,1.0,0.3333333333333333,0.4,1,1.0,10
13,What is Pseudomelanosis duodeni?,TMC64,0.9985342129479385,0.8060606060606059,0.9898838860249383,0.6444444444444444,1.0,0.6666666666666666,0.8,1,1.0,10
13,What is Pseudomelanosis duodeni?,ContextCite100,0.999494970658682,0.7575757575757575,1.0,0.6444444444444444,1.0,1.0,0.8,1,1.0,10
13,What is Pseudomelanosis duodeni?,KernelShap100,0.9997593412735152,0.8909090909090909,0.9962819438866972,0.7777777777777777,1.0,0.6666666666666666,0.8,1,1.0,10
13,What is Pseudomelanosis duodeni?,BetaShap (U)100,0.9797962770009008,0.3939393939393939,0.9820529529836907,0.37777777777777777,1.0,0.3333333333333333,0.4,1,1.0,10
13,What is Pseudomelanosis duodeni?,TMC100,0.9990437130442844,0.7333333333333332,0.9867446174383525,0.6,1.0,0.6666666666666666,0.6,1,1.0,10
13,What is Pseudomelanosis duodeni?,LOO,0.9994636952884891,0.8666666666666665,0.9980208259405365,0.6888888888888888,1.0,1.0,0.6,1,1.0,10
14,What is the multisystem inflammatory syndrome in children (MIS-C) associated with COVID-19?,ContextCite32,0.9993820453796651,0.7818181818181817,0.9919561245343013,0.6444444444444444,1.0,0.6666666666666666,0.8,1,1.0,10
14,What is the multisystem inflammatory syndrome in children (MIS-C) associated with COVID-19?,KernelShap32,0.9988810910545137,0.7575757575757575,0.9858026589118977,0.6444444444444444,1.0,0.6666666666666666,0.8,1,1.0,10
14,What is the multisystem inflammatory syndrome in children (MIS-C) associated with COVID-19?,BetaShap (U)32,0.9973131448740661,0.5636363636363636,0.9853373915000893,0.4222222222222222,1.0,0.3333333333333333,0.8,1,1.0,10
14,What is the multisystem inflammatory syndrome in children (MIS-C) associated with COVID-19?,TMC32,0.9994290473439099,0.7939393939393938,0.9995899212354173,0.6,1.0,1.0,0.8,1,1.0,10
14,What is the multisystem inflammatory syndrome in children (MIS-C) associated with COVID-19?,ContextCite64,0.9993097640930426,0.8181818181818182,0.9972719853103524,0.6444444444444444,1.0,0.6666666666666666,0.8,1,1.0,10
14,What is the multisystem inflammatory syndrome in children (MIS-C) associated with COVID-19?,KernelShap64,0.9996414250156399,0.8787878787878788,0.9995899212354173,0.7333333333333333,1.0,1.0,0.8,1,1.0,10
14,What is the multisystem inflammatory syndrome in children (MIS-C) associated with COVID-19?,BetaShap (U)64,0.9958212478737222,0.6484848484848483,0.9853373915000893,0.4666666666666666,1.0,0.3333333333333333,0.8,1,1.0,10
14,What is the multisystem inflammatory syndrome in children (MIS-C) associated with COVID-19?,TMC64,0.9994927582735759,0.9393939393939393,0.9972719853103524,0.8222222222222221,1.0,0.6666666666666666,1.0,1,1.0,10
14,What is the multisystem inflammatory syndrome in children (MIS-C) associated with COVID-19?,ContextCite100,0.9996863344844868,0.8545454545454544,1.0,0.7333333333333333,1.0,1.0,0.8,1,1.0,10
14,What is the multisystem inflammatory syndrome in children (MIS-C) associated with COVID-19?,KernelShap100,0.9997147310429156,0.9393939393939393,0.9995899212354173,0.8222222222222221,1.0,1.0,0.8,1,1.0,10
14,What is the multisystem inflammatory syndrome in children (MIS-C) associated with COVID-19?,BetaShap (U)100,0.9959701123768671,0.7696969696969697,0.9853373915000893,0.5555555555555555,1.0,0.3333333333333333,0.8,1,1.0,10
14,What is the multisystem inflammatory syndrome in children (MIS-C) associated with COVID-19?,TMC100,0.9998061154177424,0.9515151515151514,0.9972719853103524,0.8666666666666666,1.0,0.6666666666666666,1.0,1,1.0,10
14,What is the multisystem inflammatory syndrome in children (MIS-C) associated with COVID-19?,LOO,0.9989416719510463,0.43030303030303024,0.9715797477801454,0.3333333333333333,1.0,0.3333333333333333,0.6,1,1.0,10
15,Which are the enzymes involved in the control of tubulin acetylation?,ContextCite32,0.9644219155617633,0.8666666666666665,0.9915637688671214,0.6888888888888888,1.0,1.0,0.8,1,1.0,10
15,Which are the enzymes involved in the control of tubulin acetylation?,KernelShap32,0.9782620372695241,0.7575757575757575,1.0000000000000002,0.6444444444444444,1.0,1.0,0.8,1,1.0,10
15,Which are the enzymes involved in the control of tubulin acetylation?,BetaShap (U)32,0.5731851566092077,-0.05454545454545454,0.7360366296869515,-0.06666666666666667,1.0,0.6666666666666666,0.4,1,1.0,10
15,Which are the enzymes involved in the control of tubulin acetylation?,TMC32,0.8877662279559327,0.5272727272727272,0.9915637688671214,0.3333333333333333,1.0,1.0,0.6,1,1.0,10
15,Which are the enzymes involved in the control of tubulin acetylation?,ContextCite64,0.9853211292223941,0.9272727272727272,1.0000000000000002,0.8222222222222221,1.0,1.0,0.8,1,1.0,10
15,Which are the enzymes involved in the control of tubulin acetylation?,KernelShap64,0.9817986317131068,0.8181818181818182,1.0000000000000002,0.6888888888888888,1.0,1.0,0.8,1,1.0,10
15,Which are the enzymes involved in the control of tubulin acetylation?,BetaShap (U)64,0.5790901173331212,0.05454545454545454,0.8064245159685653,0.022222222222222223,1.0,0.6666666666666666,0.4,1,1.0,10
15,Which are the enzymes involved in the control of tubulin acetylation?,TMC64,0.9585015245385033,0.7333333333333332,1.0000000000000002,0.6,1.0,1.0,0.8,1,1.0,10
15,Which are the enzymes involved in the control of tubulin acetylation?,ContextCite100,0.9959159462598108,0.9878787878787878,1.0000000000000002,0.9555555555555554,1.0,1.0,1.0,1,1.0,10
15,Which are the enzymes involved in the control of tubulin acetylation?,KernelShap100,0.9809323312995935,0.8424242424242423,1.0000000000000002,0.7333333333333333,1.0,1.0,0.8,1,1.0,10
15,Which are the enzymes involved in the control of tubulin acetylation?,BetaShap (U)100,0.658280774151599,0.33333333333333326,0.7956332642602489,0.24444444444444444,1.0,0.6666666666666666,0.6,1,1.0,10
15,Which are the enzymes involved in the control of tubulin acetylation?,TMC100,0.9754087589031365,0.9515151515151514,1.0000000000000002,0.8666666666666666,1.0,1.0,1.0,1,1.0,10
15,Which are the enzymes involved in the control of tubulin acetylation?,LOO,0.9851588420857182,0.7333333333333332,1.0000000000000002,0.6,1.0,1.0,0.8,1,1.0,10
16,Is Growth factor independence 1b (GFI1B) important for hematopoiesis?,ContextCite32,0.8930349654391708,0.4545454545454545,0.9299886785607241,0.3333333333333333,0.0,0.6666666666666666,0.6,1,1.0,10
16,Is Growth factor independence 1b (GFI1B) important for hematopoiesis?,KernelShap32,0.9457928869138807,0.5393939393939393,0.9329697206295688,0.4222222222222222,1.0,0.6666666666666666,0.6,1,1.0,10
16,Is Growth factor independence 1b (GFI1B) important for hematopoiesis?,BetaShap (U)32,0.7461082166932445,0.6606060606060605,0.9392642880304124,0.4666666666666666,0.0,1.0,0.8,1,1.0,10
16,Is Growth factor independence 1b (GFI1B) important for hematopoiesis?,TMC32,0.7392095573040945,0.7939393939393938,0.9392642880304124,0.6,0.0,1.0,0.8,1,1.0,10
16,Is Growth factor independence 1b (GFI1B) important for hematopoiesis?,ContextCite64,0.9810179725479786,0.8666666666666665,0.9970189579311554,0.6888888888888888,0.0,1.0,0.8,1,1.0,10
16,Is Growth factor independence 1b (GFI1B) important for hematopoiesis?,KernelShap64,0.9712478605491823,0.6242424242424242,0.9970189579311554,0.4666666666666666,0.0,1.0,0.6,1,1.0,10
16,Is Growth factor independence 1b (GFI1B) important for hematopoiesis?,BetaShap (U)64,0.934728780688562,0.7575757575757575,0.9970189579311554,0.6,0.0,1.0,0.6,1,1.0,10
16,Is Growth factor independence 1b (GFI1B) important for hematopoiesis?,TMC64,0.9932347486584296,0.9151515151515152,1.0000000000000002,0.8222222222222221,1.0,1.0,0.8,1,1.0,10
16,Is Growth factor independence 1b (GFI1B) important for hematopoiesis?,ContextCite100,0.9901521995561006,0.8787878787878788,0.9970189579311554,0.7333333333333333,0.0,1.0,0.8,1,1.0,10
16,Is Growth factor independence 1b (GFI1B) important for hematopoiesis?,KernelShap100,0.9724753982688705,0.6484848484848483,0.9299886785607241,0.5555555555555555,0.0,0.6666666666666666,0.8,1,1.0,10
16,Is Growth factor independence 1b (GFI1B) important for hematopoiesis?,BetaShap (U)100,0.9708991936591376,0.6848484848484848,0.9970189579311554,0.4666666666666666,0.0,1.0,0.6,1,1.0,10
16,Is Growth factor independence 1b (GFI1B) important for hematopoiesis?,TMC100,0.9828402689699353,0.8787878787878788,0.9970189579311554,0.7333333333333333,0.0,1.0,0.8,1,1.0,10
16,Is Growth factor independence 1b (GFI1B) important for hematopoiesis?,LOO,0.8161421026169093,0.6484848484848483,0.7805016009123786,0.4666666666666666,0.0,1.0,0.6,1,1.0,10
17,What is measured through the NOMe-Seq methodology?,ContextCite32,0.9128234690344431,0.6363636363636362,0.9606882831595286,0.5111111111111111,1.0,0.6666666666666666,0.6,1,1.0,10
17,What is measured through the NOMe-Seq methodology?,KernelShap32,0.9579149506067828,0.8060606060606059,1.0,0.6888888888888888,1.0,1.0,0.8,1,1.0,10
17,What is measured through the NOMe-Seq methodology?,BetaShap (U)32,0.8809618044913137,0.6363636363636362,0.9563773871372294,0.4666666666666666,1.0,0.6666666666666666,0.8,1,1.0,10
17,What is measured through the NOMe-Seq methodology?,TMC32,0.9527600265165396,0.6363636363636362,0.9563773871372294,0.5111111111111111,1.0,0.6666666666666666,0.8,1,1.0,10
17,What is measured through the NOMe-Seq methodology?,ContextCite64,0.9332065385289865,0.5515151515151515,1.0,0.4222222222222222,1.0,1.0,0.6,1,1.0,10
17,What is measured through the NOMe-Seq methodology?,KernelShap64,0.9394869675013524,0.6969696969696969,1.0,0.6,1.0,1.0,0.6,1,1.0,10
17,What is measured through the NOMe-Seq methodology?,BetaShap (U)64,0.7493923624934699,0.3939393939393939,0.9441946573786052,0.28888888888888886,1.0,0.3333333333333333,0.6,1,1.0,10
17,What is measured through the NOMe-Seq methodology?,TMC64,0.9266993646895543,0.6848484848484848,0.95744055247409,0.5111111111111111,1.0,0.6666666666666666,0.8,1,1.0,10
17,What is measured through the NOMe-Seq methodology?,ContextCite100,0.9512287234780203,0.49090909090909085,0.9606882831595286,0.3333333333333333,1.0,0.6666666666666666,0.6,1,1.0,10
17,What is measured through the NOMe-Seq methodology?,KernelShap100,0.9729416533092926,0.8545454545454544,0.9878180637345423,0.7333333333333333,1.0,0.6666666666666666,0.8,1,1.0,10
17,What is measured through the NOMe-Seq methodology?,BetaShap (U)100,0.5671351604837208,0.4424242424242424,0.9534816810935021,0.3333333333333333,1.0,0.3333333333333333,0.6,1,1.0,10
17,What is measured through the NOMe-Seq methodology?,TMC100,0.9288895996866403,0.7454545454545454,0.9534816810935021,0.5111111111111111,1.0,0.3333333333333333,1.0,1,1.0,10
17,What is measured through the NOMe-Seq methodology?,LOO,0.8244674681349687,0.1515151515151515,0.9162394855785884,0.1111111111111111,1.0,0.6666666666666666,0.6,1,1.0,10
18,What is known about the Digit Ratio (2D:4D) cancer?,ContextCite32,0.9931737072866653,0.8666666666666665,1.0,0.7777777777777777,1.0,1.0,1.0,1,1.0,10
18,What is known about the Digit Ratio (2D:4D) cancer?,KernelShap32,0.9823685752916893,0.7818181818181817,1.0,0.6888888888888888,1.0,1.0,0.6,1,1.0,10
18,What is known about the Digit Ratio (2D:4D) cancer?,BetaShap (U)32,0.8396241232042347,0.5030303030303029,0.876528620771504,0.37777777777777777,0.0,0.6666666666666666,0.6,1,1.0,10
18,What is known about the Digit Ratio (2D:4D) cancer?,TMC32,0.983709381522357,0.4666666666666666,0.9432362370351862,0.3333333333333333,1.0,0.6666666666666666,0.8,1,1.0,10
18,What is known about the Digit Ratio (2D:4D) cancer?,ContextCite64,0.9975931624283785,0.9636363636363635,0.9891803468712286,0.8666666666666666,1.0,0.6666666666666666,1.0,1,1.0,10
18,What is known about the Digit Ratio (2D:4D) cancer?,KernelShap64,0.9980337728246687,0.9878787878787878,1.0,0.9555555555555554,1.0,1.0,0.8,1,1.0,10
18,What is known about the Digit Ratio (2D:4D) cancer?,BetaShap (U)64,0.8266486925652334,0.7454545454545454,0.9224727306075462,0.5111111111111111,0.0,0.6666666666666666,1.0,1,1.0,10
18,What is known about the Digit Ratio (2D:4D) cancer?,TMC64,0.9951561208466173,0.8303030303030302,1.0,0.6888888888888888,1.0,1.0,1.0,1,1.0,10
18,What is known about the Digit Ratio (2D:4D) cancer?,ContextCite100,0.99820417374876,0.9757575757575757,0.9891803468712286,0.911111111111111,1.0,0.6666666666666666,1.0,1,1.0,10
18,What is known about the Digit Ratio (2D:4D) cancer?,KernelShap100,0.9981312236944245,0.9757575757575757,1.0,0.911111111111111,1.0,1.0,0.8,1,1.0,10
18,What is known about the Digit Ratio (2D:4D) cancer?,BetaShap (U)100,0.9381768731203864,0.8303030303030302,0.9891803468712286,0.6888888888888888,1.0,0.6666666666666666,0.8,1,1.0,10
18,What is known about the Digit Ratio (2D:4D) cancer?,TMC100,0.9958703329944392,0.8424242424242423,1.0,0.7333333333333333,1.0,1.0,1.0,1,1.0,10
18,What is known about the Digit Ratio (2D:4D) cancer?,LOO,0.9906298352151504,0.8909090909090909,0.9891803468712286,0.7777777777777777,1.0,0.6666666666666666,0.8,1,1.0,10
19,How does Rif1 regulate DNA replication?,ContextCite32,0.9902989835107996,0.8424242424242423,1.0,0.7333333333333333,1.0,1.0,0.8,1,1.0,10
19,How does Rif1 regulate DNA replication?,KernelShap32,0.9984070550345342,0.9636363636363635,1.0,0.911111111111111,1.0,1.0,1.0,1,1.0,10
19,How does Rif1 regulate DNA replication?,BetaShap (U)32,0.943113945298431,0.4545454545454545,0.9110643036483926,0.3333333333333333,1.0,0.6666666666666666,0.6,1,1.0,10
19,How does Rif1 regulate DNA replication?,TMC32,0.9815603061512485,0.6848484848484848,0.9991594204319955,0.5555555555555555,1.0,0.6666666666666666,0.6,1,1.0,10
19,How does Rif1 regulate DNA replication?,ContextCite64,0.9940093709280186,0.9393939393939393,1.0,0.8666666666666666,1.0,1.0,0.8,1,1.0,10
19,How does Rif1 regulate DNA replication?,KernelShap64,0.9963230442164657,0.9636363636363635,1.0,0.911111111111111,1.0,1.0,0.8,1,1.0,10
19,How does Rif1 regulate DNA replication?,BetaShap (U)64,0.940800246196271,0.4666666666666666,0.9110643036483926,0.3333333333333333,1.0,0.6666666666666666,0.6,1,1.0,10
19,How does Rif1 regulate DNA replication?,TMC64,0.9864175470761704,0.7454545454545454,0.9991594204319955,0.6444444444444444,1.0,0.6666666666666666,0.6,1,1.0,10
19,How does Rif1 regulate DNA replication?,ContextCite100,0.9950201390025744,0.9030303030303028,0.990331346763334,0.8222222222222221,1.0,0.6666666666666666,0.8,1,1.0,10
19,How does Rif1 regulate DNA replication?,KernelShap100,0.9978224574371621,0.9636363636363635,1.0,0.911111111111111,1.0,1.0,0.8,1,1.0,10
19,How does Rif1 regulate DNA replication?,BetaShap (U)100,0.9091939978258374,0.38181818181818183,0.8929879503501887,0.28888888888888886,1.0,0.3333333333333333,0.6,1,1.0,10
19,How does Rif1 regulate DNA replication?,TMC100,0.9903926501725243,0.7696969696969697,0.9991594204319955,0.6444444444444444,1.0,0.6666666666666666,0.8,1,1.0,10
19,How does Rif1 regulate DNA replication?,LOO,0.9938826377943203,0.8909090909090909,0.990331346763334,0.7777777777777777,1.0,0.6666666666666666,0.8,1,1.0,10
20,Summarize the function of DEAH helicase DHX36 and its role in G-quadruplex-dependent processes.,ContextCite32,0.9905059448822523,0.8545454545454544,0.9952348376775098,0.6888888888888888,1.0,0.6666666666666666,0.8,1,1.0,10
20,Summarize the function of DEAH helicase DHX36 and its role in G-quadruplex-dependent processes.,KernelShap32,0.9868309424093995,0.9151515151515152,0.9712710221315938,0.7777777777777777,0.0,0.6666666666666666,1.0,1,1.0,10
20,Summarize the function of DEAH helicase DHX36 and its role in G-quadruplex-dependent processes.,BetaShap (U)32,0.8041871145577115,0.29696969696969694,0.9689882164745316,0.19999999999999998,1.0,0.6666666666666666,0.6,1,1.0,10
20,Summarize the function of DEAH helicase DHX36 and its role in G-quadruplex-dependent processes.,TMC32,0.9776017014431849,0.6484848484848483,0.9689882164745316,0.5111111111111111,1.0,0.6666666666666666,0.6,1,1.0,10
20,Summarize the function of DEAH helicase DHX36 and its role in G-quadruplex-dependent processes.,ContextCite64,0.992357269152592,0.8424242424242423,0.9952348376775098,0.6888888888888888,1.0,0.6666666666666666,0.8,1,1.0,10
20,Summarize the function of DEAH helicase DHX36 and its role in G-quadruplex-dependent processes.,KernelShap64,0.9924040205796582,0.9272727272727272,0.9952348376775098,0.8222222222222221,1.0,0.6666666666666666,0.8,1,1.0,10
20,Summarize the function of DEAH helicase DHX36 and its role in G-quadruplex-dependent processes.,BetaShap (U)64,0.8522746646109695,0.5393939393939393,0.9952348376775098,0.37777777777777777,1.0,0.6666666666666666,0.6,1,1.0,10
20,Summarize the function of DEAH helicase DHX36 and its role in G-quadruplex-dependent processes.,TMC64,0.9844585404471891,0.8909090909090909,0.9952348376775098,0.7777777777777777,1.0,0.6666666666666666,0.8,1,1.0,10
20,Summarize the function of DEAH helicase DHX36 and its role in G-quadruplex-dependent processes.,ContextCite100,0.9965170312138574,0.8787878787878788,0.9952348376775098,0.7333333333333333,1.0,0.6666666666666666,1.0,1,1.0,10
20,Summarize the function of DEAH helicase DHX36 and its role in G-quadruplex-dependent processes.,KernelShap100,0.9940086782620754,0.9757575757575757,0.9952348376775098,0.911111111111111,1.0,0.6666666666666666,1.0,1,1.0,10
20,Summarize the function of DEAH helicase DHX36 and its role in G-quadruplex-dependent processes.,BetaShap (U)100,0.7064889013409548,0.34545454545454546,0.9411416572396868,0.19999999999999998,0.0,0.6666666666666666,0.4,1,1.0,10
20,Summarize the function of DEAH helicase DHX36 and its role in G-quadruplex-dependent processes.,TMC100,0.9897362157578145,0.709090909090909,0.9689882164745316,0.6,1.0,0.6666666666666666,0.6,1,1.0,10
20,Summarize the function of DEAH helicase DHX36 and its role in G-quadruplex-dependent processes.,LOO,0.9811716071055553,0.8424242424242423,0.9952348376775098,0.7333333333333333,1.0,0.6666666666666666,1.0,1,1.0,10
21,What is the Drosophila melanogaster Groucho protein?,ContextCite32,0.9976118191131462,0.8787878787878788,1.0000000000000002,0.7333333333333333,1.0,1.0,0.8,1,1.0,10
21,What is the Drosophila melanogaster Groucho protein?,KernelShap32,0.9982148873110112,0.7939393939393938,1.0000000000000002,0.6888888888888888,1.0,1.0,0.8,1,1.0,10
21,What is the Drosophila melanogaster Groucho protein?,BetaShap (U)32,0.9744280575505471,0.7212121212121211,0.9555827814231233,0.6444444444444444,1.0,0.6666666666666666,0.6,1,1.0,10
21,What is the Drosophila melanogaster Groucho protein?,TMC32,0.9934643797640108,0.7575757575757575,1.0000000000000002,0.6888888888888888,1.0,1.0,0.6,1,1.0,10
21,What is the Drosophila melanogaster Groucho protein?,ContextCite64,0.9992465026467158,0.9878787878787878,1.0000000000000002,0.9555555555555554,1.0,1.0,1.0,1,1.0,10
21,What is the Drosophila melanogaster Groucho protein?,KernelShap64,0.9989813674312866,0.8545454545454544,1.0000000000000002,0.6888888888888888,1.0,1.0,0.8,1,1.0,10
21,What is the Drosophila melanogaster Groucho protein?,BetaShap (U)64,0.9845719461738951,0.6606060606060605,0.9555827814231233,0.5555555555555555,1.0,0.6666666666666666,0.6,1,1.0,10
21,What is the Drosophila melanogaster Groucho protein?,TMC64,0.9990731233905583,0.9272727272727272,1.0000000000000002,0.8222222222222221,1.0,1.0,0.8,1,1.0,10
21,What is the Drosophila melanogaster Groucho protein?,ContextCite100,0.9995372777522342,0.9757575757575757,1.0000000000000002,0.911111111111111,1.0,1.0,1.0,1,1.0,10
21,What is the Drosophila melanogaster Groucho protein?,KernelShap100,0.998950414311448,0.8666666666666665,1.0000000000000002,0.7333333333333333,1.0,1.0,0.8,1,1.0,10
21,What is the Drosophila melanogaster Groucho protein?,BetaShap (U)100,0.9878222063952828,0.7696969696969697,1.0000000000000002,0.6888888888888888,1.0,1.0,0.6,1,1.0,10
21,What is the Drosophila melanogaster Groucho protein?,TMC100,0.999120267807859,0.9272727272727272,1.0000000000000002,0.8222222222222221,1.0,1.0,0.8,1,1.0,10
21,What is the Drosophila melanogaster Groucho protein?,LOO,0.9981848380422506,0.8545454545454544,1.0000000000000002,0.7333333333333333,1.0,1.0,0.8,1,1.0,10
22,Please list the drugs associated with Drug-Induced Hypophosphatemia.,ContextCite32,0.9800137671056776,0.7333333333333332,1.0000000000000002,0.6,1.0,1.0,0.8,1,1.0,10
22,Please list the drugs associated with Drug-Induced Hypophosphatemia.,KernelShap32,0.9926884767683826,0.7818181818181817,1.0000000000000002,0.6888888888888888,1.0,1.0,0.8,1,1.0,10
22,Please list the drugs associated with Drug-Induced Hypophosphatemia.,BetaShap (U)32,0.78292571433079,0.3939393939393939,0.8501861360885538,0.3333333333333333,1.0,0.3333333333333333,0.4,1,1.0,10
22,Please list the drugs associated with Drug-Induced Hypophosphatemia.,TMC32,0.9612691157192759,0.6,1.0000000000000002,0.4666666666666666,1.0,1.0,0.6,1,1.0,10
22,Please list the drugs associated with Drug-Induced Hypophosphatemia.,ContextCite64,0.9880234905520905,0.8303030303030302,1.0000000000000002,0.7333333333333333,1.0,1.0,0.8,1,1.0,10
22,Please list the drugs associated with Drug-Induced Hypophosphatemia.,KernelShap64,0.996172092107285,0.9393939393939393,1.0000000000000002,0.8222222222222221,1.0,1.0,0.8,1,1.0,10
22,Please list the drugs associated with Drug-Induced Hypophosphatemia.,BetaShap (U)64,0.7433512438331169,0.49090909090909085,0.8501861360885538,0.37777777777777777,1.0,0.3333333333333333,0.4,1,1.0,10
22,Please list the drugs associated with Drug-Induced Hypophosphatemia.,TMC64,0.9861146353399876,0.8909090909090909,1.0000000000000002,0.7777777777777777,1.0,1.0,0.6,1,1.0,10
22,Please list the drugs associated with Drug-Induced Hypophosphatemia.,ContextCite100,0.993163032867318,0.9151515151515152,1.0000000000000002,0.8222222222222221,1.0,1.0,0.8,1,1.0,10
22,Please list the drugs associated with Drug-Induced Hypophosphatemia.,KernelShap100,0.9972904427131288,0.9272727272727272,1.0000000000000002,0.8222222222222221,1.0,1.0,0.8,1,1.0,10
22,Please list the drugs associated with Drug-Induced Hypophosphatemia.,BetaShap (U)100,0.7888709165527854,0.5393939393939393,0.8501861360885538,0.4222222222222222,1.0,0.3333333333333333,0.6,1,1.0,10
22,Please list the drugs associated with Drug-Induced Hypophosphatemia.,TMC100,0.9908963747155191,0.9393939393939393,1.0000000000000002,0.8666666666666666,1.0,1.0,0.8,1,1.0,10
22,Please list the drugs associated with Drug-Induced Hypophosphatemia.,LOO,0.9628859349059881,0.8303030303030302,0.9213018447120991,0.6888888888888888,1.0,0.6666666666666666,1.0,1,1.0,10
23,Is H4K20 methylation associated with DNA replication?,ContextCite32,0.9914648203604762,0.8303030303030302,1.0000000000000002,0.7333333333333333,1.0,1.0,0.8,1,1.0,10
23,Is H4K20 methylation associated with DNA replication?,KernelShap32,0.9935143708505689,0.9636363636363635,0.986455961552307,0.911111111111111,1.0,0.6666666666666666,1.0,1,1.0,10
23,Is H4K20 methylation associated with DNA replication?,BetaShap (U)32,0.9701206253493211,0.406060606060606,1.0000000000000002,0.24444444444444444,1.0,1.0,0.6,1,1.0,10
23,Is H4K20 methylation associated with DNA replication?,TMC32,0.9935419604022242,0.6727272727272726,1.0000000000000002,0.5111111111111111,1.0,1.0,0.6,1,1.0,10
23,Is H4K20 methylation associated with DNA replication?,ContextCite64,0.9948414860747443,0.7333333333333332,1.0000000000000002,0.6,1.0,1.0,0.8,1,1.0,10
23,Is H4K20 methylation associated with DNA replication?,KernelShap64,0.9978606562623478,0.8787878787878788,1.0000000000000002,0.7333333333333333,1.0,1.0,0.6,1,1.0,10
23,Is H4K20 methylation associated with DNA replication?,BetaShap (U)64,0.971951554378747,0.6363636363636362,0.9813130742787476,0.5111111111111111,1.0,0.6666666666666666,0.6,1,1.0,10
23,Is H4K20 methylation associated with DNA replication?,TMC64,0.9951385785511252,0.6242424242424242,1.0000000000000002,0.4666666666666666,1.0,1.0,0.6,1,1.0,10
23,Is H4K20 methylation associated with DNA replication?,ContextCite100,0.9953997764612804,0.7333333333333332,1.0000000000000002,0.6,1.0,1.0,0.8,1,1.0,10
23,Is H4K20 methylation associated with DNA replication?,KernelShap100,0.9992761500400742,0.8909090909090909,1.0000000000000002,0.7777777777777777,1.0,1.0,0.6,1,1.0,10
23,Is H4K20 methylation associated with DNA replication?,BetaShap (U)100,0.9372044137969842,0.6363636363636362,0.9756274850087115,0.5111111111111111,1.0,0.6666666666666666,0.6,1,1.0,10
23,Is H4K20 methylation associated with DNA replication?,TMC100,0.9955804078215189,0.709090909090909,1.0000000000000002,0.6444444444444444,1.0,1.0,0.6,1,1.0,10
23,Is H4K20 methylation associated with DNA replication?,LOO,0.9821520348552499,0.5151515151515151,0.986455961552307,0.37777777777777777,1.0,0.6666666666666666,0.8,1,1.0,10
24,Between which types of DNA bases are mutational biases introduced due to directional mutation pressure?,ContextCite32,0.7234908279026936,0.7575757575757575,0.9695412720722966,0.6,0.0,1.0,0.6,1,1.0,10
24,Between which types of DNA bases are mutational biases introduced due to directional mutation pressure?,KernelShap32,0.888388048495042,0.8303030303030302,0.9695412720722966,0.6888888888888888,0.0,1.0,0.8,1,1.0,10
24,Between which types of DNA bases are mutational biases introduced due to directional mutation pressure?,BetaShap (U)32,0.7580741621880874,0.6242424242424242,0.6929665522931924,0.4666666666666666,1.0,0.3333333333333333,0.8,1,1.0,10
24,Between which types of DNA bases are mutational biases introduced due to directional mutation pressure?,TMC32,0.7546873590641703,0.7575757575757575,0.7672697714404262,0.6444444444444444,1.0,0.6666666666666666,0.8,1,1.0,10
24,Between which types of DNA bases are mutational biases introduced due to directional mutation pressure?,ContextCite64,0.9285895454065036,0.9393939393939393,0.9695412720722966,0.8222222222222221,0.0,1.0,1.0,1,1.0,10
24,Between which types of DNA bases are mutational biases introduced due to directional mutation pressure?,KernelShap64,0.9556228405401556,0.9393939393939393,0.9695412720722966,0.8222222222222221,0.0,1.0,0.8,1,1.0,10
24,Between which types of DNA bases are mutational biases introduced due to directional mutation pressure?,BetaShap (U)64,0.951885559451441,0.7818181818181817,1.0,0.6888888888888888,1.0,1.0,0.8,1,1.0,10
24,Between which types of DNA bases are mutational biases introduced due to directional mutation pressure?,TMC64,0.9150464342399927,0.9272727272727272,0.9801091642875606,0.8222222222222221,1.0,0.6666666666666666,1.0,1,1.0,10
24,Between which types of DNA bases are mutational biases introduced due to directional mutation pressure?,ContextCite100,0.9788844630416496,0.9999999999999999,1.0,0.9999999999999999,1.0,1.0,1.0,1,1.0,10
24,Between which types of DNA bases are mutational biases introduced due to directional mutation pressure?,KernelShap100,0.9686457036494185,0.9757575757575757,1.0,0.911111111111111,1.0,1.0,0.8,1,1.0,10
24,Between which types of DNA bases are mutational biases introduced due to directional mutation pressure?,BetaShap (U)100,0.9784440641066072,0.7939393939393938,1.0,0.6888888888888888,1.0,1.0,0.8,1,1.0,10
24,Between which types of DNA bases are mutational biases introduced due to directional mutation pressure?,TMC100,0.9737810474774042,0.9272727272727272,0.9690976135584795,0.7777777777777777,1.0,0.6666666666666666,1.0,1,1.0,10
24,Between which types of DNA bases are mutational biases introduced due to directional mutation pressure?,LOO,0.7874867764882748,0.7939393939393938,0.7392868520448702,0.5555555555555555,1.0,0.3333333333333333,1.0,1,1.0,10
25,Which genes are associated with autosomal dominant Charcot-Marie-Tooth?,ContextCite32,0.9620644131199884,0.9151515151515152,0.9861535912949108,0.7777777777777777,0.0,1.0,0.8,1,1.0,10
25,Which genes are associated with autosomal dominant Charcot-Marie-Tooth?,KernelShap32,0.9483371771372737,0.8181818181818182,0.9861535912949108,0.6444444444444444,0.0,1.0,0.8,1,1.0,10
25,Which genes are associated with autosomal dominant Charcot-Marie-Tooth?,BetaShap (U)32,0.8755038780190084,0.8181818181818182,0.9861535912949108,0.6444444444444444,0.0,1.0,0.8,1,1.0,10
25,Which genes are associated with autosomal dominant Charcot-Marie-Tooth?,TMC32,0.9565083032216393,0.8545454545454544,1.0,0.7333333333333333,1.0,1.0,0.8,1,1.0,10
25,Which genes are associated with autosomal dominant Charcot-Marie-Tooth?,ContextCite64,0.9895654535822977,0.9757575757575757,1.0,0.911111111111111,1.0,1.0,1.0,1,1.0,10
25,Which genes are associated with autosomal dominant Charcot-Marie-Tooth?,KernelShap64,0.9966361840634907,0.9999999999999999,1.0,0.9999999999999999,1.0,1.0,1.0,1,1.0,10
25,Which genes are associated with autosomal dominant Charcot-Marie-Tooth?,BetaShap (U)64,0.9127884518786447,0.8303030303030302,1.0,0.6888888888888888,1.0,1.0,0.8,1,1.0,10
25,Which genes are associated with autosomal dominant Charcot-Marie-Tooth?,TMC64,0.9717811939665689,0.9151515151515152,1.0,0.8222222222222221,1.0,1.0,0.8,1,1.0,10
25,Which genes are associated with autosomal dominant Charcot-Marie-Tooth?,ContextCite100,0.9899320972002249,0.9636363636363635,0.9861535912949108,0.8666666666666666,0.0,1.0,1.0,1,1.0,10
25,Which genes are associated with autosomal dominant Charcot-Marie-Tooth?,KernelShap100,0.9920251315473363,0.9757575757575757,1.0,0.911111111111111,1.0,1.0,1.0,1,1.0,10
25,Which genes are associated with autosomal dominant Charcot-Marie-Tooth?,BetaShap (U)100,0.8304533105938052,0.7818181818181817,0.8872687639690188,0.6888888888888888,1.0,0.6666666666666666,0.6,1,1.0,10
25,Which genes are associated with autosomal dominant Charcot-Marie-Tooth?,TMC100,0.9864892688615051,0.9151515151515152,1.0,0.8222222222222221,1.0,1.0,0.8,1,1.0,10
25,Which genes are associated with autosomal dominant Charcot-Marie-Tooth?,LOO,0.9222110874427563,0.9030303030303028,0.9616657361248765,0.7333333333333333,0.0,1.0,1.0,1,1.0,10
26,List components of the CRSP/Med complex.,ContextCite32,0.9986433157857667,0.406060606060606,1.0,0.24444444444444444,1.0,1.0,0.6,1,1.0,10
26,List components of the CRSP/Med complex.,KernelShap32,0.9972202433364676,0.5636363636363636,1.0,0.4222222222222222,1.0,1.0,0.8,1,1.0,10
26,List components of the CRSP/Med complex.,BetaShap (U)32,0.9929058549308748,0.49090909090909085,1.0,0.37777777777777777,1.0,1.0,0.6,1,1.0,10
26,List components of the CRSP/Med complex.,TMC32,0.9973364364163857,0.5636363636363636,1.0,0.4222222222222222,1.0,1.0,0.8,1,1.0,10
26,List components of the CRSP/Med complex.,ContextCite64,0.9994223763207231,0.5151515151515151,1.0,0.37777777777777777,1.0,1.0,0.6,1,1.0,10
26,List components of the CRSP/Med complex.,KernelShap64,0.9995129393689453,0.5878787878787878,1.0,0.4666666666666666,1.0,1.0,0.8,1,1.0,10
26,List components of the CRSP/Med complex.,BetaShap (U)64,0.9854493673513364,0.7575757575757575,1.0,0.6444444444444444,1.0,1.0,0.8,1,1.0,10
26,List components of the CRSP/Med complex.,TMC64,0.9985573704406254,0.7212121212121211,1.0,0.6,1.0,1.0,0.8,1,1.0,10
26,List components of the CRSP/Med complex.,ContextCite100,0.9994693894373393,0.5636363636363636,1.0,0.4222222222222222,1.0,1.0,0.6,1,1.0,10
26,List components of the CRSP/Med complex.,KernelShap100,0.9996203872499109,0.7333333333333332,1.0,0.6444444444444444,1.0,1.0,0.8,1,1.0,10
26,List components of the CRSP/Med complex.,BetaShap (U)100,0.9882815725884908,0.7333333333333332,1.0,0.6,1.0,1.0,0.8,1,1.0,10
26,List components of the CRSP/Med complex.,TMC100,0.9991622960636136,0.7333333333333332,1.0,0.6,1.0,1.0,0.8,1,1.0,10
26,List components of the CRSP/Med complex.,LOO,0.99687756099869,0.5515151515151515,1.0,0.4222222222222222,1.0,1.0,0.6,1,1.0,10
27,For the constructions of which organs has 3D printing been tested?,ContextCite32,0.9933208353699072,0.9999999999999999,1.0,0.9999999999999999,1.0,1.0,1.0,1,1.0,10
27,For the constructions of which organs has 3D printing been tested?,KernelShap32,0.997241749569585,0.9515151515151514,1.0,0.8666666666666666,1.0,1.0,0.8,1,1.0,10
27,For the constructions of which organs has 3D printing been tested?,BetaShap (U)32,0.9701650539963489,0.9999999999999999,1.0,0.9999999999999999,1.0,1.0,1.0,1,1.0,10
27,For the constructions of which organs has 3D printing been tested?,TMC32,0.9946288680256824,0.9878787878787878,1.0,0.9555555555555554,1.0,1.0,1.0,1,1.0,10
27,For the constructions of which organs has 3D printing been tested?,ContextCite64,0.9976084112649397,0.9999999999999999,1.0,0.9999999999999999,1.0,1.0,1.0,1,1.0,10
27,For the constructions of which organs has 3D printing been tested?,KernelShap64,0.9979091115272398,0.9393939393939393,1.0,0.8666666666666666,1.0,1.0,0.8,1,1.0,10
27,For the constructions of which organs has 3D printing been tested?,BetaShap (U)64,0.9601081817200159,0.9030303030303028,1.0,0.7777777777777777,1.0,1.0,0.8,1,1.0,10
27,For the constructions of which organs has 3D printing been tested?,TMC64,0.9983614585568598,0.9878787878787878,1.0,0.9555555555555554,1.0,1.0,1.0,1,1.0,10
27,For the constructions of which organs has 3D printing been tested?,ContextCite100,0.9975478708732082,0.9999999999999999,1.0,0.9999999999999999,1.0,1.0,1.0,1,1.0,10
27,For the constructions of which organs has 3D printing been tested?,KernelShap100,0.9984861738829398,0.9878787878787878,1.0,0.9555555555555554,1.0,1.0,1.0,1,1.0,10
27,For the constructions of which organs has 3D printing been tested?,BetaShap (U)100,0.967905739353919,0.9030303030303028,1.0,0.7333333333333333,1.0,1.0,0.8,1,1.0,10
27,For the constructions of which organs has 3D printing been tested?,TMC100,0.9968866584270143,0.9515151515151514,1.0,0.8666666666666666,1.0,1.0,0.8,1,1.0,10
27,For the constructions of which organs has 3D printing been tested?,LOO,0.9667590419154231,0.8666666666666665,1.0,0.7333333333333333,1.0,1.0,0.8,1,1.0,10
28,Which gene is the paralog of yeast UPC2?,ContextCite32,0.9971154417714171,0.7454545454545454,0.9878211572923515,0.5555555555555555,1.0,0.6666666666666666,0.6,1,1.0,10
28,Which gene is the paralog of yeast UPC2?,KernelShap32,0.9971414835309892,0.7696969696969697,0.9909694126355192,0.6444444444444444,1.0,0.6666666666666666,0.6,1,1.0,10
28,Which gene is the paralog of yeast UPC2?,BetaShap (U)32,0.967300947801438,0.10303030303030303,0.9657662307665063,0.06666666666666667,1.0,0.3333333333333333,0.6,1,1.0,10
28,Which gene is the paralog of yeast UPC2?,TMC32,0.9973383364966508,0.22424242424242422,0.9811342192231505,0.19999999999999998,1.0,0.6666666666666666,0.6,1,1.0,10
28,Which gene is the paralog of yeast UPC2?,ContextCite64,0.9995116566792499,0.8424242424242423,1.0,0.7333333333333333,1.0,1.0,0.8,1,1.0,10
28,Which gene is the paralog of yeast UPC2?,KernelShap64,0.9991907278499368,0.8787878787878788,1.0,0.7777777777777777,1.0,1.0,0.8,1,1.0,10
28,Which gene is the paralog of yeast UPC2?,BetaShap (U)64,0.9607312784221774,0.01818181818181818,0.9657662307665063,0.06666666666666667,1.0,0.3333333333333333,0.4,1,1.0,10
28,Which gene is the paralog of yeast UPC2?,TMC64,0.9978312585546695,0.4666666666666666,0.9986123349729631,0.3333333333333333,1.0,1.0,0.6,1,1.0,10
28,Which gene is the paralog of yeast UPC2?,ContextCite100,0.9995368818078997,0.8787878787878788,0.9909694126355192,0.7333333333333333,1.0,0.6666666666666666,0.8,1,1.0,10
28,Which gene is the paralog of yeast UPC2?,KernelShap100,0.9991877457508036,0.7818181818181817,1.0,0.6888888888888888,1.0,1.0,0.8,1,1.0,10
28,Which gene is the paralog of yeast UPC2?,BetaShap (U)100,0.9709058139404201,-0.12727272727272726,0.9657662307665063,-0.1111111111111111,1.0,0.3333333333333333,0.4,1,1.0,10
28,Which gene is the paralog of yeast UPC2?,TMC100,0.9984812904485635,0.6848484848484848,0.9909694126355192,0.5555555555555555,1.0,0.6666666666666666,0.8,1,1.0,10
28,Which gene is the paralog of yeast UPC2?,LOO,0.9973474102703186,0.22424242424242422,0.9832443465163189,0.19999999999999998,1.0,0.6666666666666666,0.6,1,1.0,10
29,Which disease can be treated with Relugolix.,ContextCite32,0.9911357048514647,0.8787878787878788,0.9999999999999999,0.8222222222222221,1.0,1.0,0.8,1,1.0,10
29,Which disease can be treated with Relugolix.,KernelShap32,0.981567359242499,0.9030303030303028,0.9999999999999999,0.8222222222222221,1.0,1.0,1.0,1,1.0,10
29,Which disease can be treated with Relugolix.,BetaShap (U)32,0.7185505314981149,0.8666666666666665,0.9073332199671609,0.7777777777777777,0.0,1.0,0.8,1,1.0,10
29,Which disease can be treated with Relugolix.,TMC32,0.909471793075217,0.9757575757575757,0.9877893623785406,0.911111111111111,1.0,0.6666666666666666,1.0,1,1.0,10
29,Which disease can be treated with Relugolix.,ContextCite64,0.9919554088217193,0.8909090909090909,0.9999999999999999,0.7777777777777777,1.0,1.0,1.0,1,1.0,10
29,Which disease can be treated with Relugolix.,KernelShap64,0.9882590462814389,0.9030303030303028,0.9877893623785406,0.7777777777777777,1.0,0.6666666666666666,1.0,1,1.0,10
29,Which disease can be treated with Relugolix.,BetaShap (U)64,0.7570756801329324,0.9757575757575757,0.9073332199671609,0.911111111111111,0.0,1.0,0.8,1,1.0,10
29,Which disease can be treated with Relugolix.,TMC64,0.9772888329543825,0.9999999999999999,0.9999999999999999,0.9999999999999999,1.0,1.0,1.0,1,1.0,10
29,Which disease can be treated with Relugolix.,ContextCite100,0.9919737682111638,0.8787878787878788,0.9999999999999999,0.7333333333333333,1.0,1.0,1.0,1,1.0,10
29,Which disease can be treated with Relugolix.,KernelShap100,0.9945551907768159,0.9272727272727272,0.9999999999999999,0.8666666666666666,1.0,1.0,1.0,1,1.0,10
29,Which disease can be treated with Relugolix.,BetaShap (U)100,0.8839189063762599,0.9878787878787878,0.9999999999999999,0.9555555555555554,1.0,1.0,0.8,1,1.0,10
29,Which disease can be treated with Relugolix.,TMC100,0.994670337814247,0.9757575757575757,0.9877893623785406,0.911111111111111,1.0,0.6666666666666666,1.0,1,1.0,10
29,Which disease can be treated with Relugolix.,LOO,0.9847776786034013,0.8909090909090909,0.9802715053618112,0.7333333333333333,1.0,0.6666666666666666,1.0,1,1.0,10
30,Has field-programmable gate array (FPGA) technology been used to solve sequence alignment problems?,ContextCite32,0.9781256663862588,0.9151515151515152,1.0,0.8222222222222221,1.0,1.0,0.8,1,1.0,10
30,Has field-programmable gate array (FPGA) technology been used to solve sequence alignment problems?,KernelShap32,0.9839287272929258,0.9515151515151514,1.0,0.8666666666666666,1.0,1.0,0.8,1,1.0,10
30,Has field-programmable gate array (FPGA) technology been used to solve sequence alignment problems?,BetaShap (U)32,0.9672492065080407,0.9393939393939393,1.0,0.8222222222222221,1.0,1.0,0.8,1,1.0,10
30,Has field-programmable gate array (FPGA) technology been used to solve sequence alignment problems?,TMC32,0.9840716472792905,0.9515151515151514,1.0,0.8666666666666666,1.0,1.0,0.8,1,1.0,10
30,Has field-programmable gate array (FPGA) technology been used to solve sequence alignment problems?,ContextCite64,0.9894733317567727,0.8666666666666665,1.0,0.7777777777777777,1.0,1.0,0.8,1,1.0,10
30,Has field-programmable gate array (FPGA) technology been used to solve sequence alignment problems?,KernelShap64,0.9890900340408066,0.9393939393939393,1.0,0.8666666666666666,1.0,1.0,1.0,1,1.0,10
30,Has field-programmable gate array (FPGA) technology been used to solve sequence alignment problems?,BetaShap (U)64,0.9668616919043519,0.9272727272727272,1.0,0.8222222222222221,1.0,1.0,0.8,1,1.0,10
30,Has field-programmable gate array (FPGA) technology been used to solve sequence alignment problems?,TMC64,0.995947256805864,0.9757575757575757,1.0,0.911111111111111,1.0,1.0,0.8,1,1.0,10
30,Has field-programmable gate array (FPGA) technology been used to solve sequence alignment problems?,ContextCite100,0.9911353597132935,0.8666666666666665,1.0,0.7777777777777777,1.0,1.0,0.8,1,1.0,10
30,Has field-programmable gate array (FPGA) technology been used to solve sequence alignment problems?,KernelShap100,0.9936509161366096,0.9636363636363635,1.0,0.8666666666666666,1.0,1.0,0.8,1,1.0,10
30,Has field-programmable gate array (FPGA) technology been used to solve sequence alignment problems?,BetaShap (U)100,0.9634734104304429,0.9151515151515152,1.0,0.7777777777777777,1.0,1.0,0.8,1,1.0,10
30,Has field-programmable gate array (FPGA) technology been used to solve sequence alignment problems?,TMC100,0.9954842606721908,0.9515151515151514,1.0,0.8666666666666666,1.0,1.0,0.8,1,1.0,10
30,Has field-programmable gate array (FPGA) technology been used to solve sequence alignment problems?,LOO,0.9556913275629121,0.9151515151515152,0.9675989330500715,0.7777777777777777,1.0,0.6666666666666666,1.0,1,1.0,10
31,Which are the main functions of the human HuR (ELAVL1) protein in fibroblasts?,ContextCite32,0.9873917170771391,0.9515151515151514,1.0,0.8666666666666666,1.0,1.0,1.0,1,1.0,10
31,Which are the main functions of the human HuR (ELAVL1) protein in fibroblasts?,KernelShap32,0.993825431744269,0.9030303030303028,0.9848136761956479,0.7333333333333333,1.0,0.6666666666666666,1.0,1,1.0,10
31,Which are the main functions of the human HuR (ELAVL1) protein in fibroblasts?,BetaShap (U)32,0.9299934979013703,0.8303030303030302,0.9739487905089118,0.6444444444444444,0.0,0.6666666666666666,1.0,1,1.0,10
31,Which are the main functions of the human HuR (ELAVL1) protein in fibroblasts?,TMC32,0.9820754657322778,0.8545454545454544,0.9739487905089118,0.6888888888888888,0.0,0.6666666666666666,1.0,1,1.0,10
31,Which are the main functions of the human HuR (ELAVL1) protein in fibroblasts?,ContextCite64,0.9976614001656985,0.9757575757575757,1.0,0.911111111111111,1.0,1.0,1.0,1,1.0,10
31,Which are the main functions of the human HuR (ELAVL1) protein in fibroblasts?,KernelShap64,0.9948118903323926,0.8787878787878788,0.9878266626008018,0.7333333333333333,1.0,0.6666666666666666,1.0,1,1.0,10
31,Which are the main functions of the human HuR (ELAVL1) protein in fibroblasts?,BetaShap (U)64,0.9413636739963669,0.9515151515151514,0.98612212790811,0.8666666666666666,0.0,1.0,1.0,1,1.0,10
31,Which are the main functions of the human HuR (ELAVL1) protein in fibroblasts?,TMC64,0.9818935631674268,0.9272727272727272,0.9739487905089118,0.7777777777777777,0.0,0.6666666666666666,1.0,1,1.0,10
31,Which are the main functions of the human HuR (ELAVL1) protein in fibroblasts?,ContextCite100,0.9978125561187865,0.9393939393939393,1.0,0.8222222222222221,1.0,1.0,1.0,1,1.0,10
31,Which are the main functions of the human HuR (ELAVL1) protein in fibroblasts?,KernelShap100,0.9977515779602901,0.9393939393939393,0.9848136761956479,0.8222222222222221,1.0,0.6666666666666666,1.0,1,1.0,10
31,Which are the main functions of the human HuR (ELAVL1) protein in fibroblasts?,BetaShap (U)100,0.9106504508506755,0.7454545454545454,0.98612212790811,0.5555555555555555,0.0,1.0,0.8,1,1.0,10
31,Which are the main functions of the human HuR (ELAVL1) protein in fibroblasts?,TMC100,0.9935083009639014,0.9636363636363635,0.98612212790811,0.8666666666666666,0.0,1.0,1.0,1,1.0,10
31,Which are the main functions of the human HuR (ELAVL1) protein in fibroblasts?,LOO,0.9914167054547276,0.8181818181818182,0.9848136761956479,0.6444444444444444,1.0,0.6666666666666666,1.0,1,1.0,10
32,Which chromosome contains the TLR7 locus in the human genome?,ContextCite32,0.9961854305093062,0.5757575757575757,0.9854589395406377,0.4222222222222222,1.0,0.6666666666666666,0.8,1,1.0,10
32,Which chromosome contains the TLR7 locus in the human genome?,KernelShap32,0.9947159186522221,0.19999999999999998,0.9483609612088617,0.15555555555555553,1.0,0.3333333333333333,0.6,1,1.0,10
32,Which chromosome contains the TLR7 locus in the human genome?,BetaShap (U)32,0.955592335940777,0.5515151515151515,0.9775652105238661,0.4666666666666666,1.0,0.6666666666666666,0.8,1,1.0,10
32,Which chromosome contains the TLR7 locus in the human genome?,TMC32,0.985564507896562,0.3939393939393939,0.9854589395406377,0.3333333333333333,1.0,0.6666666666666666,0.6,1,1.0,10
32,Which chromosome contains the TLR7 locus in the human genome?,ContextCite64,0.9962236840891737,0.6242424242424242,0.9854589395406377,0.4666666666666666,1.0,0.6666666666666666,0.6,1,1.0,10
32,Which chromosome contains the TLR7 locus in the human genome?,KernelShap64,0.9975056658730188,0.7696969696969697,0.9803583533845148,0.6,1.0,0.6666666666666666,0.8,1,1.0,10
32,Which chromosome contains the TLR7 locus in the human genome?,BetaShap (U)64,0.9416640817620866,0.6,0.973857368782243,0.4666666666666666,1.0,0.6666666666666666,0.6,1,1.0,10
32,Which chromosome contains the TLR7 locus in the human genome?,TMC64,0.9966703656485856,0.7575757575757575,0.9854589395406377,0.5555555555555555,1.0,0.6666666666666666,0.8,1,1.0,10
32,Which chromosome contains the TLR7 locus in the human genome?,ContextCite100,0.9971534547203035,0.8181818181818182,0.9854589395406377,0.6444444444444444,1.0,0.6666666666666666,0.8,1,1.0,10
32,Which chromosome contains the TLR7 locus in the human genome?,KernelShap100,0.9988261228349309,0.9515151515151514,1.0,0.8666666666666666,1.0,1.0,1.0,1,1.0,10
32,Which chromosome contains the TLR7 locus in the human genome?,BetaShap (U)100,0.9495440820746678,0.5878787878787878,0.973857368782243,0.4666666666666666,1.0,0.6666666666666666,0.6,1,1.0,10
32,Which chromosome contains the TLR7 locus in the human genome?,TMC100,0.9987334039907083,0.9151515151515152,1.0,0.8222222222222221,1.0,1.0,0.8,1,1.0,10
32,Which chromosome contains the TLR7 locus in the human genome?,LOO,0.9933917402355844,0.2606060606060606,0.976550638459291,0.1111111111111111,1.0,0.6666666666666666,0.8,1,1.0,10
33,Which syndromes are associated with heterochromia iridum?,ContextCite32,0.9338722904243302,0.9151515151515152,0.9766490987986252,0.7777777777777777,1.0,0.6666666666666666,1.0,1,1.0,10
33,Which syndromes are associated with heterochromia iridum?,KernelShap32,0.9548523586405187,0.8303030303030302,0.9766490987986252,0.6444444444444444,1.0,0.6666666666666666,0.8,1,1.0,10
33,Which syndromes are associated with heterochromia iridum?,BetaShap (U)32,0.8271656431664407,0.8303030303030302,0.8611651660909594,0.6888888888888888,0.0,0.6666666666666666,0.8,1,1.0,10
33,Which syndromes are associated with heterochromia iridum?,TMC32,0.8511531517716004,0.8787878787878788,0.9602583997278576,0.7333333333333333,1.0,0.6666666666666666,0.8,1,1.0,10
33,Which syndromes are associated with heterochromia iridum?,ContextCite64,0.9945334954988341,0.9878787878787878,1.0,0.9555555555555554,1.0,1.0,1.0,1,1.0,10
33,Which syndromes are associated with heterochromia iridum?,KernelShap64,0.9875676738132886,0.9878787878787878,1.0,0.9555555555555554,1.0,1.0,1.0,1,1.0,10
33,Which syndromes are associated with heterochromia iridum?,BetaShap (U)64,0.9053420400474499,0.8545454545454544,0.8611651660909594,0.7333333333333333,0.0,0.6666666666666666,1.0,1,1.0,10
33,Which syndromes are associated with heterochromia iridum?,TMC64,0.9845319046377611,0.9272727272727272,0.9684019716014803,0.8666666666666666,1.0,0.6666666666666666,1.0,1,1.0,10
33,Which syndromes are associated with heterochromia iridum?,ContextCite100,0.9904735511030794,0.9515151515151514,1.0,0.8666666666666666,1.0,1.0,1.0,1,1.0,10
33,Which syndromes are associated with heterochromia iridum?,KernelShap100,0.9863754786302446,0.9515151515151514,1.0,0.8666666666666666,1.0,1.0,1.0,1,1.0,10
33,Which syndromes are associated with heterochromia iridum?,BetaShap (U)100,0.8997715913863672,0.7696969696969697,0.7948444859396282,0.5555555555555555,0.0,0.3333333333333333,1.0,1,1.0,10
33,Which syndromes are associated with heterochromia iridum?,TMC100,0.9945904338810119,0.9636363636363635,0.9978675282827902,0.8666666666666666,1.0,1.0,1.0,1,1.0,10
33,Which syndromes are associated with heterochromia iridum?,LOO,0.8627190982146895,0.9515151515151514,0.9978675282827902,0.8666666666666666,1.0,1.0,0.8,1,1.0,10
34,List the components of mTOR Complex 2 (mTORC2).,ContextCite32,0.49747152859724736,0.43030303030303024,0.6004074542404955,0.28888888888888886,0.0,0.3333333333333333,0.6,1,0.5,10
34,List the components of mTOR Complex 2 (mTORC2).,KernelShap32,0.3757815356575101,0.309090909090909,0.7532169040681048,0.15555555555555553,1.0,0.3333333333333333,0.4,1,1.0,10
34,List the components of mTOR Complex 2 (mTORC2).,BetaShap (U)32,0.5845475485828783,0.4545454545454545,0.8425818623183544,0.3333333333333333,0.0,0.6666666666666666,0.6,1,1.0,10
34,List the components of mTOR Complex 2 (mTORC2).,TMC32,0.7880864637429725,0.5030303030303029,0.8588811119957505,0.4222222222222222,1.0,0.6666666666666666,0.6,1,1.0,10
34,List the components of mTOR Complex 2 (mTORC2).,ContextCite64,0.7741717305809788,0.8666666666666665,0.8014072249290972,0.7777777777777777,0.0,0.6666666666666666,1.0,1,1.0,10
34,List the components of mTOR Complex 2 (mTORC2).,KernelShap64,0.8788552259735565,0.9151515151515152,0.9291409224328184,0.7777777777777777,1.0,0.6666666666666666,0.8,1,1.0,10
34,List the components of mTOR Complex 2 (mTORC2).,BetaShap (U)64,0.5470658294123459,0.4787878787878787,0.9275946239761608,0.37777777777777777,0.0,0.6666666666666666,0.6,1,1.0,10
34,List the components of mTOR Complex 2 (mTORC2).,TMC64,0.9051374340869534,0.8181818181818182,0.9229024603888017,0.6888888888888888,0.0,0.6666666666666666,0.8,1,1.0,10
34,List the components of mTOR Complex 2 (mTORC2).,ContextCite100,0.7982303926651073,0.8424242424242423,0.8341200069390629,0.6888888888888888,0.0,0.6666666666666666,0.8,1,1.0,10
34,List the components of mTOR Complex 2 (mTORC2).,KernelShap100,0.9333853811926887,0.9151515151515152,0.9392017100661978,0.8222222222222221,1.0,0.6666666666666666,0.8,1,1.0,10
34,List the components of mTOR Complex 2 (mTORC2).,BetaShap (U)100,0.5185328478591309,0.29696969696969694,0.9275946239761608,0.19999999999999998,0.0,0.6666666666666666,0.6,1,1.0,10
34,List the components of mTOR Complex 2 (mTORC2).,TMC100,0.9085051987387014,0.8303030303030302,0.9392017100661978,0.6888888888888888,1.0,0.6666666666666666,0.8,1,1.0,10
34,List the components of mTOR Complex 2 (mTORC2).,LOO,0.4127828730719877,0.5636363636363636,0.7804400537800682,0.4222222222222222,0.0,0.6666666666666666,0.6,1,0.5,10
35,What is known about prostate cancer screening in the UK ?,ContextCite32,0.997689565812578,0.8181818181818182,1.0,0.7333333333333333,1.0,1.0,0.8,1,1.0,10
35,What is known about prostate cancer screening in the UK ?,KernelShap32,0.9972242975243447,0.8060606060606059,1.0,0.6444444444444444,1.0,1.0,0.8,1,1.0,10
35,What is known about prostate cancer screening in the UK ?,BetaShap (U)32,0.9888436571308137,0.8545454545454544,1.0,0.7333333333333333,1.0,1.0,0.8,1,1.0,10
35,What is known about prostate cancer screening in the UK ?,TMC32,0.9897132752419876,0.9272727272727272,1.0,0.8222222222222221,1.0,1.0,0.8,1,1.0,10
35,What is known about prostate cancer screening in the UK ?,ContextCite64,0.9969579375656359,0.8060606060606059,1.0,0.6888888888888888,1.0,1.0,0.8,1,1.0,10
35,What is known about prostate cancer screening in the UK ?,KernelShap64,0.9985325014333891,0.9393939393939393,1.0,0.8666666666666666,1.0,1.0,1.0,1,1.0,10
35,What is known about prostate cancer screening in the UK ?,BetaShap (U)64,0.9852424781087792,0.9272727272727272,1.0,0.8222222222222221,1.0,1.0,0.8,1,1.0,10
35,What is known about prostate cancer screening in the UK ?,TMC64,0.9987619241667602,0.9515151515151514,1.0,0.8666666666666666,1.0,1.0,0.8,1,1.0,10
35,What is known about prostate cancer screening in the UK ?,ContextCite100,0.998334855419052,0.8181818181818182,1.0,0.6888888888888888,1.0,1.0,1.0,1,1.0,10
35,What is known about prostate cancer screening in the UK ?,KernelShap100,0.9996456424773613,0.9515151515151514,1.0,0.8666666666666666,1.0,1.0,0.8,1,1.0,10
35,What is known about prostate cancer screening in the UK ?,BetaShap (U)100,0.9419574008863145,0.9151515151515152,0.963996446113536,0.7777777777777777,0.0,1.0,0.8,1,1.0,10
35,What is known about prostate cancer screening in the UK ?,TMC100,0.9983226265191356,0.9878787878787878,1.0,0.9555555555555554,1.0,1.0,0.8,1,1.0,10
35,What is known about prostate cancer screening in the UK ?,LOO,0.9980050539225394,0.6727272727272726,1.0,0.5111111111111111,1.0,1.0,0.8,1,1.0,10
36,Is selenium deficiency involved in autoimmune thyroid disease?,ContextCite32,0.995350675562163,0.8753839828992931,1.0,0.7640931774583409,1.0,1.0,0.8,1,1.0,10
36,Is selenium deficiency involved in autoimmune thyroid disease?,KernelShap32,0.9923870508569499,0.6747751534848716,0.9992428788195395,0.5393598899705937,1.0,0.6666666666666666,0.8,1,1.0,10
36,Is selenium deficiency involved in autoimmune thyroid disease?,BetaShap (U)32,0.9395156378276479,0.40729671426564323,0.9992428788195395,0.35957325998039574,1.0,0.6666666666666666,0.6,1,1.0,10
36,Is selenium deficiency involved in autoimmune thyroid disease?,TMC32,0.9874708957472862,0.601826488243264,0.9992428788195395,0.49441323247304414,1.0,0.6666666666666666,0.8,1,1.0,10
36,Is selenium deficiency involved in autoimmune thyroid disease?,ContextCite64,0.9973559362280682,0.8510677611520904,0.9992428788195395,0.7191465199607915,1.0,0.6666666666666666,0.8,1,1.0,10
36,Is selenium deficiency involved in autoimmune thyroid disease?,KernelShap64,0.9986369684110477,0.9179373709568976,1.0,0.8090398349558905,1.0,1.0,0.8,1,1.0,10
36,Is selenium deficiency involved in autoimmune thyroid disease?,BetaShap (U)64,0.9360622486759785,0.686933264358473,0.9992428788195395,0.5393598899705937,1.0,0.6666666666666666,0.6,1,1.0,10
36,Is selenium deficiency involved in autoimmune thyroid disease?,TMC64,0.9955050366467042,0.7841981513472833,0.9992428788195395,0.6292532049656926,1.0,0.6666666666666666,0.8,1,1.0,10
36,Is selenium deficiency involved in autoimmune thyroid disease?,ContextCite100,0.9984382916767933,0.8449887057152897,0.9976430671104953,0.6741998624632421,1.0,0.6666666666666666,0.8,1,1.0,10
36,Is selenium deficiency involved in autoimmune thyroid disease?,KernelShap100,0.9977746910451191,0.857146816588891,0.9992428788195395,0.7191465199607915,1.0,0.6666666666666666,1.0,1,1.0,10
36,Is selenium deficiency involved in autoimmune thyroid disease?,BetaShap (U)100,0.9490849324516246,0.8267515394048879,0.9992428788195395,0.6741998624632421,1.0,0.6666666666666666,0.8,1,1.0,10
36,Is selenium deficiency involved in autoimmune thyroid disease?,TMC100,0.9984094663339609,0.9179373709568976,0.9992428788195395,0.8090398349558905,1.0,0.6666666666666666,0.8,1,1.0,10
36,Is selenium deficiency involved in autoimmune thyroid disease?,LOO,0.9954921118053225,0.29268292682926833,0.9816003416804944,0.22727272727272727,1.0,0.6666666666666666,0.4,1,1.0,10
37,Is ospemifene effective for treatment of dyspareunia?,ContextCite32,0.8608753723405632,0.6727272727272726,0.9924342437682284,0.5555555555555555,1.0,0.6666666666666666,0.8,1,1.0,10
37,Is ospemifene effective for treatment of dyspareunia?,KernelShap32,0.8728889591684961,0.8303030303030302,0.9516740980502642,0.6888888888888888,1.0,0.6666666666666666,0.8,1,1.0,10
37,Is ospemifene effective for treatment of dyspareunia?,BetaShap (U)32,0.406388290511016,0.49090909090909085,0.6348662790836972,0.37777777777777777,0.0,0.3333333333333333,0.8,1,1.0,10
37,Is ospemifene effective for treatment of dyspareunia?,TMC32,0.9214912570969174,0.8303030303030302,0.9924342437682284,0.6888888888888888,1.0,0.6666666666666666,0.8,1,1.0,10
37,Is ospemifene effective for treatment of dyspareunia?,ContextCite64,0.9476834400208984,0.8424242424242423,0.9448137894043807,0.6888888888888888,1.0,0.6666666666666666,1.0,1,1.0,10
37,Is ospemifene effective for treatment of dyspareunia?,KernelShap64,0.9674018510614182,0.8545454545454544,0.9982035629591407,0.7333333333333333,1.0,1.0,1.0,1,1.0,10
37,Is ospemifene effective for treatment of dyspareunia?,BetaShap (U)64,0.7966378264149453,0.5515151515151515,0.9487002065927499,0.4666666666666666,1.0,0.3333333333333333,0.6,1,1.0,10
37,Is ospemifene effective for treatment of dyspareunia?,TMC64,0.9337020262595872,0.9151515151515152,0.9924342437682284,0.7777777777777777,1.0,0.6666666666666666,1.0,1,1.0,10
37,Is ospemifene effective for treatment of dyspareunia?,ContextCite100,0.9677488697739443,0.8666666666666665,1.0000000000000002,0.7777777777777777,1.0,1.0,1.0,1,1.0,10
37,Is ospemifene effective for treatment of dyspareunia?,KernelShap100,0.9806395068703984,0.9151515151515152,1.0000000000000002,0.8222222222222221,1.0,1.0,1.0,1,1.0,10
37,Is ospemifene effective for treatment of dyspareunia?,BetaShap (U)100,0.8255637904709197,0.6121212121212121,0.9402417121182371,0.4666666666666666,1.0,0.3333333333333333,0.8,1,1.0,10
37,Is ospemifene effective for treatment of dyspareunia?,TMC100,0.9689486440808439,0.8787878787878788,0.9924342437682284,0.7333333333333333,1.0,0.6666666666666666,1.0,1,1.0,10
37,Is ospemifene effective for treatment of dyspareunia?,LOO,0.7444221471116699,0.5757575757575757,0.9402417121182371,0.4222222222222222,1.0,0.3333333333333333,0.8,1,1.0,10
38,Which is the role of mediator in genome organization?,ContextCite32,0.9970198093549963,0.9393939393939393,1.0,0.8222222222222221,1.0,1.0,0.8,1,1.0,10
38,Which is the role of mediator in genome organization?,KernelShap32,0.9976414284300101,0.7212121212121211,0.9869625433995832,0.5555555555555555,1.0,0.6666666666666666,0.6,1,1.0,10
38,Which is the role of mediator in genome organization?,BetaShap (U)32,0.9627879769477472,0.7818181818181817,0.8855157981677291,0.6444444444444444,1.0,0.6666666666666666,0.8,1,1.0,10
38,Which is the role of mediator in genome organization?,TMC32,0.995202859742173,0.9636363636363635,1.0,0.911111111111111,1.0,1.0,0.8,1,1.0,10
38,Which is the role of mediator in genome organization?,ContextCite64,0.9981857258443524,0.6363636363636362,0.9845100396929549,0.4666666666666666,1.0,0.6666666666666666,0.6,1,1.0,10
38,Which is the role of mediator in genome organization?,KernelShap64,0.9989770701650146,0.6363636363636362,0.9869625433995832,0.5111111111111111,1.0,0.6666666666666666,0.6,1,1.0,10
38,Which is the role of mediator in genome organization?,BetaShap (U)64,0.9706893423405978,0.7939393939393938,0.9627828971716318,0.6444444444444444,1.0,0.6666666666666666,0.8,1,1.0,10
38,Which is the role of mediator in genome organization?,TMC64,0.9992777379006198,0.9757575757575757,1.0,0.911111111111111,1.0,1.0,1.0,1,1.0,10
38,Which is the role of mediator in genome organization?,ContextCite100,0.9989659845137207,0.709090909090909,0.9845100396929549,0.6,1.0,0.6666666666666666,0.8,1,1.0,10
38,Which is the role of mediator in genome organization?,KernelShap100,0.999353246684306,0.8060606060606059,0.9869625433995832,0.6888888888888888,1.0,0.6666666666666666,0.8,1,1.0,10
38,Which is the role of mediator in genome organization?,BetaShap (U)100,0.9723856714946564,0.8303030303030302,0.9627828971716318,0.6444444444444444,1.0,0.6666666666666666,1.0,1,1.0,10
38,Which is the role of mediator in genome organization?,TMC100,0.998756742499581,0.9151515151515152,0.9869625433995832,0.7777777777777777,1.0,0.6666666666666666,1.0,1,1.0,10
38,Which is the role of mediator in genome organization?,LOO,0.9926788236029074,0.29696969696969694,0.9822147863654002,0.19999999999999998,1.0,0.6666666666666666,0.6,1,1.0,10
39,What is the mechanisms of action of Evinacumab?,ContextCite32,0.9918443167768556,0.6969696969696969,0.9404788282003338,0.5111111111111111,1.0,0.3333333333333333,0.8,1,1.0,10
39,What is the mechanisms of action of Evinacumab?,KernelShap32,0.9945483164445132,0.6969696969696969,0.9721924381148181,0.6,1.0,0.6666666666666666,0.8,1,1.0,10
39,What is the mechanisms of action of Evinacumab?,BetaShap (U)32,0.9411012700724777,0.07878787878787878,0.938227323135366,0.06666666666666667,1.0,0.3333333333333333,0.4,1,1.0,10
39,What is the mechanisms of action of Evinacumab?,TMC32,0.9739124377323642,0.22424242424242422,0.938227323135366,0.19999999999999998,1.0,0.3333333333333333,0.4,1,1.0,10
39,What is the mechanisms of action of Evinacumab?,ContextCite64,0.9932601344653812,0.7454545454545454,0.9620934696315823,0.5555555555555555,1.0,0.6666666666666666,0.6,1,1.0,10
39,What is the mechanisms of action of Evinacumab?,KernelShap64,0.9940288552449111,0.5878787878787878,0.938227323135366,0.4222222222222222,1.0,0.3333333333333333,0.6,1,1.0,10
39,What is the mechanisms of action of Evinacumab?,BetaShap (U)64,0.898745453617669,0.6606060606060605,0.9415808532831728,0.5111111111111111,1.0,0.3333333333333333,0.6,1,1.0,10
39,What is the mechanisms of action of Evinacumab?,TMC64,0.989748801784871,0.7939393939393938,0.957140796751976,0.6444444444444444,1.0,0.6666666666666666,0.8,1,1.0,10
39,What is the mechanisms of action of Evinacumab?,ContextCite100,0.9944395077091459,0.8303030303030302,0.9960585846110345,0.6444444444444444,1.0,1.0,0.8,1,1.0,10
39,What is the mechanisms of action of Evinacumab?,KernelShap100,0.9961932371022721,0.6727272727272726,0.9721924381148181,0.5555555555555555,1.0,0.6666666666666666,0.6,1,1.0,10
39,What is the mechanisms of action of Evinacumab?,BetaShap (U)100,0.8314010990306729,0.6363636363636362,0.9415808532831728,0.5111111111111111,1.0,0.3333333333333333,0.8,1,1.0,10
39,What is the mechanisms of action of Evinacumab?,TMC100,0.9960428373141116,0.8303030303030302,0.9721924381148181,0.7333333333333333,1.0,0.6666666666666666,0.8,1,1.0,10
39,What is the mechanisms of action of Evinacumab?,LOO,0.9826331387012202,0.406060606060606,0.938227323135366,0.3333333333333333,1.0,0.3333333333333333,0.6,1,1.0,10
40,Is long QT syndrome a cause for sudden cardiac death in athletes?,ContextCite32,0.9978075184539296,0.8060606060606059,0.995045378856473,0.6888888888888888,1.0,0.6666666666666666,0.8,1,1.0,10
40,Is long QT syndrome a cause for sudden cardiac death in athletes?,KernelShap32,0.9963801661878557,0.5272727272727272,0.9704919947923676,0.4222222222222222,1.0,0.6666666666666666,0.6,1,1.0,10
40,Is long QT syndrome a cause for sudden cardiac death in athletes?,BetaShap (U)32,0.8035160067363342,0.29696969696969694,0.9752927256902998,0.19999999999999998,1.0,0.3333333333333333,0.6,1,1.0,10
40,Is long QT syndrome a cause for sudden cardiac death in athletes?,TMC32,0.9794114614665949,0.5272727272727272,0.9709548894265037,0.37777777777777777,1.0,0.3333333333333333,0.6,1,1.0,10
40,Is long QT syndrome a cause for sudden cardiac death in athletes?,ContextCite64,0.9976433364564234,0.7454545454545454,0.991072957624225,0.6,1.0,0.6666666666666666,0.8,1,1.0,10
40,Is long QT syndrome a cause for sudden cardiac death in athletes?,KernelShap64,0.9982708451953238,0.8909090909090909,0.9983280734429067,0.7777777777777777,1.0,1.0,0.8,1,1.0,10
40,Is long QT syndrome a cause for sudden cardiac death in athletes?,BetaShap (U)64,0.8380554901456101,0.23636363636363633,0.9748961039059957,0.15555555555555553,1.0,0.3333333333333333,0.4,1,1.0,10
40,Is long QT syndrome a cause for sudden cardiac death in athletes?,TMC64,0.9922200622107914,0.4787878787878787,0.9752927256902998,0.37777777777777777,1.0,0.3333333333333333,0.6,1,1.0,10
40,Is long QT syndrome a cause for sudden cardiac death in athletes?,ContextCite100,0.9985666341081605,0.8666666666666665,0.991072957624225,0.7333333333333333,1.0,0.6666666666666666,0.8,1,1.0,10
40,Is long QT syndrome a cause for sudden cardiac death in athletes?,KernelShap100,0.9988543509512285,0.9030303030303028,1.0,0.8222222222222221,1.0,1.0,0.8,1,1.0,10
40,Is long QT syndrome a cause for sudden cardiac death in athletes?,BetaShap (U)100,0.8713811902584068,0.2727272727272727,0.9636788592877764,0.19999999999999998,1.0,0.3333333333333333,0.4,1,1.0,10
40,Is long QT syndrome a cause for sudden cardiac death in athletes?,TMC100,0.9951149937857559,0.6121212121212121,0.9773772985825985,0.4666666666666666,1.0,0.6666666666666666,0.6,1,1.0,10
40,Is long QT syndrome a cause for sudden cardiac death in athletes?,LOO,0.9911974039361093,0.3939393939393939,0.9830002819583756,0.3333333333333333,1.0,0.6666666666666666,0.6,1,1.0,10
41,Which genes are affected in ROMANO-WARD syndrome?,ContextCite32,0.9803690227105175,0.5636363636363636,0.9752626789342176,0.4222222222222222,1.0,0.6666666666666666,0.8,1,1.0,10
41,Which genes are affected in ROMANO-WARD syndrome?,KernelShap32,0.9825967247302487,0.7696969696969697,0.9936451911901909,0.6444444444444444,1.0,0.6666666666666666,0.8,1,1.0,10
41,Which genes are affected in ROMANO-WARD syndrome?,BetaShap (U)32,0.968750342320803,0.9393939393939393,0.994855105690377,0.8222222222222221,1.0,0.6666666666666666,1.0,1,1.0,10
41,Which genes are affected in ROMANO-WARD syndrome?,TMC32,0.9869535750710172,0.9151515151515152,0.9925799856749112,0.8222222222222221,1.0,0.6666666666666666,1.0,1,1.0,10
41,Which genes are affected in ROMANO-WARD syndrome?,ContextCite64,0.9865253810949552,0.5393939393939393,0.9802782670013577,0.37777777777777777,1.0,0.6666666666666666,0.6,1,1.0,10
41,Which genes are affected in ROMANO-WARD syndrome?,KernelShap64,0.987945061596115,0.6969696969696969,0.9942131874318068,0.5555555555555555,1.0,0.6666666666666666,0.8,1,1.0,10
41,Which genes are affected in ROMANO-WARD syndrome?,BetaShap (U)64,0.9372087373513918,0.7939393939393938,0.9777371595132768,0.6,1.0,0.6666666666666666,0.8,1,1.0,10
41,Which genes are affected in ROMANO-WARD syndrome?,TMC64,0.9882144956980432,0.7696969696969697,0.9749371020094146,0.6,1.0,0.3333333333333333,0.8,1,1.0,10
41,Which genes are affected in ROMANO-WARD syndrome?,ContextCite100,0.9883435324849286,0.5393939393939393,0.9737861332035145,0.37777777777777777,1.0,0.3333333333333333,0.6,1,1.0,10
41,Which genes are affected in ROMANO-WARD syndrome?,KernelShap100,0.9897523261656264,0.7939393939393938,0.9925799856749112,0.6444444444444444,1.0,0.6666666666666666,0.8,1,1.0,10
41,Which genes are affected in ROMANO-WARD syndrome?,BetaShap (U)100,0.9390486975943451,0.4666666666666666,0.9777371595132768,0.3333333333333333,1.0,0.6666666666666666,0.6,1,1.0,10
41,Which genes are affected in ROMANO-WARD syndrome?,TMC100,0.9904378153342287,0.7939393939393938,0.9719503469450835,0.6444444444444444,1.0,0.3333333333333333,0.8,1,1.0,10
41,Which genes are affected in ROMANO-WARD syndrome?,LOO,0.9900327187015878,0.43030303030303024,0.9757128053059734,0.37777777777777777,1.0,0.6666666666666666,0.6,1,1.0,10
42,How does PRDM9 recognize the specific DNA motifs for meiotic recombination?,ContextCite32,0.999631969161967,0.8181818181818182,1.0,0.6888888888888888,1.0,1.0,0.8,1,1.0,10
42,How does PRDM9 recognize the specific DNA motifs for meiotic recombination?,KernelShap32,0.9999076382205212,0.8666666666666665,1.0,0.6888888888888888,1.0,1.0,0.8,1,1.0,10
42,How does PRDM9 recognize the specific DNA motifs for meiotic recombination?,BetaShap (U)32,0.993806255418427,0.709090909090909,0.9848015392743893,0.5555555555555555,1.0,0.6666666666666666,0.8,1,1.0,10
42,How does PRDM9 recognize the specific DNA motifs for meiotic recombination?,TMC32,0.9982210569276889,0.7212121212121211,1.0,0.6,1.0,1.0,0.8,1,1.0,10
42,How does PRDM9 recognize the specific DNA motifs for meiotic recombination?,ContextCite64,0.9999149400428922,0.9030303030303028,1.0,0.8222222222222221,1.0,1.0,0.8,1,1.0,10
42,How does PRDM9 recognize the specific DNA motifs for meiotic recombination?,KernelShap64,0.9999627342196069,0.9272727272727272,1.0,0.8222222222222221,1.0,1.0,1.0,1,1.0,10
42,How does PRDM9 recognize the specific DNA motifs for meiotic recombination?,BetaShap (U)64,0.9928988651395793,0.8666666666666665,0.988140141175392,0.7333333333333333,1.0,0.6666666666666666,1.0,1,1.0,10
42,How does PRDM9 recognize the specific DNA motifs for meiotic recombination?,TMC64,0.9997141343923872,0.9151515151515152,1.0,0.8222222222222221,1.0,1.0,1.0,1,1.0,10
42,How does PRDM9 recognize the specific DNA motifs for meiotic recombination?,ContextCite100,0.9999119639229044,0.8181818181818182,1.0,0.6888888888888888,1.0,1.0,0.8,1,1.0,10
42,How does PRDM9 recognize the specific DNA motifs for meiotic recombination?,KernelShap100,0.9999707962140074,0.9515151515151514,1.0,0.8666666666666666,1.0,1.0,1.0,1,1.0,10
42,How does PRDM9 recognize the specific DNA motifs for meiotic recombination?,BetaShap (U)100,0.9920175564926563,0.8181818181818182,1.0,0.6888888888888888,1.0,1.0,0.8,1,1.0,10
42,How does PRDM9 recognize the specific DNA motifs for meiotic recombination?,TMC100,0.9997290701076785,0.9393939393939393,1.0,0.8222222222222221,1.0,1.0,1.0,1,1.0,10
42,How does PRDM9 recognize the specific DNA motifs for meiotic recombination?,LOO,0.9997631428271356,0.6242424242424242,1.0,0.4666666666666666,1.0,1.0,0.6,1,1.0,10
43,Can clonidine be used to reduce agitation in children.,ContextCite32,0.8114178814742353,0.8666666666666665,0.939716001682225,0.6888888888888888,1.0,0.6666666666666666,0.8,1,1.0,10
43,Can clonidine be used to reduce agitation in children.,KernelShap32,0.9108238412947397,0.9515151515151514,0.9903984389620138,0.8222222222222221,0.0,1.0,1.0,1,1.0,10
43,Can clonidine be used to reduce agitation in children.,BetaShap (U)32,0.6178141805963006,0.7212121212121211,0.6878041148200496,0.5111111111111111,0.0,0.6666666666666666,0.8,1,1.0,10
43,Can clonidine be used to reduce agitation in children.,TMC32,0.8066221222788976,0.8666666666666665,0.8224983679218782,0.6888888888888888,1.0,0.6666666666666666,0.8,1,1.0,10
43,Can clonidine be used to reduce agitation in children.,ContextCite64,0.9582445479718167,0.9030303030303028,1.0,0.8222222222222221,1.0,1.0,0.8,1,1.0,10
43,Can clonidine be used to reduce agitation in children.,KernelShap64,0.9748335926375196,0.9636363636363635,0.9903984389620138,0.8666666666666666,0.0,1.0,1.0,1,1.0,10
43,Can clonidine be used to reduce agitation in children.,BetaShap (U)64,0.8881337711588921,0.8424242424242423,0.9903984389620138,0.7333333333333333,0.0,1.0,0.8,1,1.0,10
43,Can clonidine be used to reduce agitation in children.,TMC64,0.9428526808555122,0.9272727272727272,1.0,0.8222222222222221,1.0,1.0,0.8,1,1.0,10
43,Can clonidine be used to reduce agitation in children.,ContextCite100,0.966662503129851,0.9272727272727272,1.0,0.8222222222222221,1.0,1.0,0.8,1,1.0,10
43,Can clonidine be used to reduce agitation in children.,KernelShap100,0.9721296374251345,0.8909090909090909,0.9903984389620138,0.7777777777777777,0.0,1.0,1.0,1,1.0,10
43,Can clonidine be used to reduce agitation in children.,BetaShap (U)100,0.8695000505348967,0.8060606060606059,0.9301144406442389,0.6444444444444444,0.0,0.6666666666666666,0.8,1,1.0,10
43,Can clonidine be used to reduce agitation in children.,TMC100,0.9592789677801318,0.9636363636363635,1.0,0.8666666666666666,1.0,1.0,0.8,1,1.0,10
43,Can clonidine be used to reduce agitation in children.,LOO,0.6892985462126346,0.8545454545454544,0.858242253171605,0.7333333333333333,1.0,0.6666666666666666,0.8,1,1.0,10
44,What is evaluated with the Hydrocephalus Outcome Questionnaire?,ContextCite32,0.9031575912781449,0.7696969696969697,1.0,0.6444444444444444,1.0,1.0,0.8,1,1.0,10
44,What is evaluated with the Hydrocephalus Outcome Questionnaire?,KernelShap32,0.881850632961736,0.4787878787878787,1.0,0.3333333333333333,1.0,1.0,0.6,1,1.0,10
44,What is evaluated with the Hydrocephalus Outcome Questionnaire?,BetaShap (U)32,0.732433252685768,0.8303030303030302,0.9950504749588776,0.6888888888888888,0.0,1.0,0.8,1,1.0,10
44,What is evaluated with the Hydrocephalus Outcome Questionnaire?,TMC32,0.9397927583949977,0.8181818181818182,0.9038190733728828,0.6444444444444444,0.0,0.6666666666666666,1.0,1,1.0,10
44,What is evaluated with the Hydrocephalus Outcome Questionnaire?,ContextCite64,0.9416681599870396,0.5393939393939393,1.0,0.37777777777777777,1.0,1.0,0.6,1,1.0,10
44,What is evaluated with the Hydrocephalus Outcome Questionnaire?,KernelShap64,0.9428456834863809,0.6,1.0,0.4222222222222222,1.0,1.0,0.6,1,1.0,10
44,What is evaluated with the Hydrocephalus Outcome Questionnaire?,BetaShap (U)64,0.7756825372390757,0.8545454545454544,0.9523056823250742,0.6888888888888888,0.0,1.0,0.8,1,1.0,10
44,What is evaluated with the Hydrocephalus Outcome Questionnaire?,TMC64,0.9736023134013645,0.9030303030303028,0.9950504749588776,0.7777777777777777,0.0,1.0,1.0,1,1.0,10
44,What is evaluated with the Hydrocephalus Outcome Questionnaire?,ContextCite100,0.9619580957102849,0.5757575757575757,1.0,0.4222222222222222,1.0,1.0,0.6,1,1.0,10
44,What is evaluated with the Hydrocephalus Outcome Questionnaire?,KernelShap100,0.9899675418096994,0.6848484848484848,0.9950504749588776,0.5111111111111111,0.0,1.0,0.8,1,1.0,10
44,What is evaluated with the Hydrocephalus Outcome Questionnaire?,BetaShap (U)100,0.7562480665288631,0.9272727272727272,0.9950504749588776,0.8222222222222221,0.0,1.0,0.8,1,1.0,10
44,What is evaluated with the Hydrocephalus Outcome Questionnaire?,TMC100,0.9854481919458633,0.9030303030303028,0.9950504749588776,0.7777777777777777,0.0,1.0,1.0,1,1.0,10
44,What is evaluated with the Hydrocephalus Outcome Questionnaire?,LOO,0.886605989712738,0.6,0.906228799762518,0.37777777777777777,0.0,0.6666666666666666,0.8,1,1.0,10
45,Which is the most prevalent form of arrhythmia worldwide?,ContextCite32,0.7661666934154864,0.7454545454545454,0.8413606651284814,0.5111111111111111,0.0,0.6666666666666666,1.0,1,1.0,10
45,Which is the most prevalent form of arrhythmia worldwide?,KernelShap32,0.6713278917998575,0.6242424242424242,0.9462203423640884,0.4222222222222222,0.0,0.6666666666666666,0.8,1,1.0,10
45,Which is the most prevalent form of arrhythmia worldwide?,BetaShap (U)32,0.7896127121879224,0.7575757575757575,1.0,0.6444444444444444,1.0,1.0,0.8,1,1.0,10
45,Which is the most prevalent form of arrhythmia worldwide?,TMC32,0.9006112139411299,0.8424242424242423,0.9036696169902687,0.6444444444444444,0.0,0.6666666666666666,0.8,1,1.0,10
45,Which is the most prevalent form of arrhythmia worldwide?,ContextCite64,0.7974562502066709,0.7212121212121211,0.9374820634773231,0.5111111111111111,0.0,1.0,0.8,1,1.0,10
45,Which is the most prevalent form of arrhythmia worldwide?,KernelShap64,0.773548140319293,0.6121212121212121,1.0,0.4222222222222222,1.0,1.0,0.8,1,1.0,10
45,Which is the most prevalent form of arrhythmia worldwide?,BetaShap (U)64,0.7526758598381436,0.7454545454545454,1.0,0.6,1.0,1.0,0.8,1,1.0,10
45,Which is the most prevalent form of arrhythmia worldwide?,TMC64,0.8730346497732111,0.8545454545454544,0.9573334429405493,0.6444444444444444,1.0,0.6666666666666666,0.8,1,1.0,10
45,Which is the most prevalent form of arrhythmia worldwide?,ContextCite100,0.787562977133318,0.6121212121212121,0.9374820634773231,0.4222222222222222,0.0,1.0,0.8,1,1.0,10
45,Which is the most prevalent form of arrhythmia worldwide?,KernelShap100,0.8083055755516055,0.709090909090909,1.0,0.5555555555555555,1.0,1.0,0.8,1,1.0,10
45,Which is the most prevalent form of arrhythmia worldwide?,BetaShap (U)100,0.5757961839362719,0.6969696969696969,0.8772749222079925,0.5555555555555555,1.0,0.6666666666666666,0.8,1,1.0,10
45,Which is the most prevalent form of arrhythmia worldwide?,TMC100,0.9674946487811645,0.9151515151515152,0.9918171892132335,0.7333333333333333,1.0,1.0,1.0,1,1.0,10
45,Which is the most prevalent form of arrhythmia worldwide?,LOO,-0.014606069164209742,0.18787878787878787,0.7697251802264727,0.1111111111111111,1.0,0.6666666666666666,0.4,1,1.0,10
46,What is the inheritance of the glucose-6-phosphate dehydrogenase (G6PD) deficiency?,ContextCite32,0.9666646548659709,0.9515151515151514,0.9596534168604216,0.8666666666666666,1.0,0.6666666666666666,0.8,1,1.0,10
46,What is the inheritance of the glucose-6-phosphate dehydrogenase (G6PD) deficiency?,KernelShap32,0.9554883186202263,0.9878787878787878,1.0,0.9555555555555554,1.0,1.0,0.8,1,1.0,10
46,What is the inheritance of the glucose-6-phosphate dehydrogenase (G6PD) deficiency?,BetaShap (U)32,0.9180209743440635,0.9030303030303028,0.9901524406018868,0.7777777777777777,1.0,1.0,0.8,1,1.0,10
46,What is the inheritance of the glucose-6-phosphate dehydrogenase (G6PD) deficiency?,TMC32,0.9533726313710689,0.6969696969696969,0.9901524406018868,0.5111111111111111,1.0,1.0,0.6,1,1.0,10
46,What is the inheritance of the glucose-6-phosphate dehydrogenase (G6PD) deficiency?,ContextCite64,0.9112729882414441,0.7575757575757575,1.0,0.6,1.0,1.0,0.6,1,1.0,10
46,What is the inheritance of the glucose-6-phosphate dehydrogenase (G6PD) deficiency?,KernelShap64,0.9876859264295452,0.9030303030303028,1.0,0.8222222222222221,1.0,1.0,0.6,1,1.0,10
46,What is the inheritance of the glucose-6-phosphate dehydrogenase (G6PD) deficiency?,BetaShap (U)64,0.8776201809992127,0.7818181818181817,0.9046820448602562,0.6444444444444444,1.0,0.6666666666666666,0.8,1,1.0,10
46,What is the inheritance of the glucose-6-phosphate dehydrogenase (G6PD) deficiency?,TMC64,0.9679925473572387,0.8545454545454544,0.9901524406018868,0.7333333333333333,1.0,1.0,0.8,1,1.0,10
46,What is the inheritance of the glucose-6-phosphate dehydrogenase (G6PD) deficiency?,ContextCite100,0.9131777379621677,0.8060606060606059,1.0,0.6888888888888888,1.0,1.0,0.8,1,1.0,10
46,What is the inheritance of the glucose-6-phosphate dehydrogenase (G6PD) deficiency?,KernelShap100,0.9893814516537478,0.9393939393939393,1.0,0.8666666666666666,1.0,1.0,0.8,1,1.0,10
46,What is the inheritance of the glucose-6-phosphate dehydrogenase (G6PD) deficiency?,BetaShap (U)100,0.7984547590211537,0.9030303030303028,0.8728503602033376,0.7777777777777777,0.0,1.0,1.0,1,1.0,10
46,What is the inheritance of the glucose-6-phosphate dehydrogenase (G6PD) deficiency?,TMC100,0.9900301680914646,0.9393939393939393,1.0,0.8222222222222221,1.0,1.0,1.0,1,1.0,10
46,What is the inheritance of the glucose-6-phosphate dehydrogenase (G6PD) deficiency?,LOO,0.631645528893082,0.006060606060606061,0.7409670006840408,0.022222222222222223,1.0,0.3333333333333333,0.4,1,1.0,10
47,What organ is associated with a Gleason pattern or Gleason Score?,ContextCite32,0.9957160416789907,0.6727272727272726,0.9781313165185939,0.6,1.0,0.6666666666666666,0.6,1,1.0,10
47,What organ is associated with a Gleason pattern or Gleason Score?,KernelShap32,0.9941305894490748,0.8424242424242423,0.9781313165185939,0.7333333333333333,1.0,0.6666666666666666,0.8,1,1.0,10
47,What organ is associated with a Gleason pattern or Gleason Score?,BetaShap (U)32,0.9724816727219435,0.5151515151515151,0.9782929745042533,0.4222222222222222,1.0,0.3333333333333333,0.6,1,1.0,10
47,What organ is associated with a Gleason pattern or Gleason Score?,TMC32,0.9909715138171996,0.5030303030303029,0.9776165771587252,0.4222222222222222,1.0,0.3333333333333333,0.4,1,1.0,10
47,What organ is associated with a Gleason pattern or Gleason Score?,ContextCite64,0.9973129641243087,0.8909090909090909,0.9995920787084815,0.7777777777777777,1.0,0.6666666666666666,0.8,1,1.0,10
47,What organ is associated with a Gleason pattern or Gleason Score?,KernelShap64,0.9964029442138446,0.7575757575757575,0.9725116924327651,0.6,1.0,0.6666666666666666,0.8,1,1.0,10
47,What organ is associated with a Gleason pattern or Gleason Score?,BetaShap (U)64,0.9602791409985125,0.5878787878787878,0.999077031839722,0.4666666666666666,1.0,0.6666666666666666,0.6,1,1.0,10
47,What organ is associated with a Gleason pattern or Gleason Score?,TMC64,0.9969522621229018,0.6484848484848483,0.999077031839722,0.5111111111111111,1.0,0.6666666666666666,0.8,1,1.0,10
47,What organ is associated with a Gleason pattern or Gleason Score?,ContextCite100,0.9976252768646632,0.8909090909090909,0.9995920787084815,0.7777777777777777,1.0,0.6666666666666666,0.8,1,1.0,10
47,What organ is associated with a Gleason pattern or Gleason Score?,KernelShap100,0.9964969820964557,0.7454545454545454,0.9728352061029468,0.6444444444444444,1.0,0.6666666666666666,0.8,1,1.0,10
47,What organ is associated with a Gleason pattern or Gleason Score?,BetaShap (U)100,0.9365889882405015,0.7333333333333332,0.999077031839722,0.5111111111111111,1.0,0.6666666666666666,0.8,1,1.0,10
47,What organ is associated with a Gleason pattern or Gleason Score?,TMC100,0.9976403742953552,0.9515151515151514,0.9995920787084815,0.8666666666666666,1.0,0.6666666666666666,1.0,1,1.0,10
47,What organ is associated with a Gleason pattern or Gleason Score?,LOO,0.9908938744449146,0.1515151515151515,0.969573769887939,0.06666666666666667,1.0,0.6666666666666666,0.4,1,1.0,10
48,What is the treatment of choice  for gastric lymphoma?,ContextCite32,0.9988173495664021,0.6727272727272726,0.9990060221745386,0.5555555555555555,1.0,0.6666666666666666,0.8,1,1.0,10
48,What is the treatment of choice  for gastric lymphoma?,KernelShap32,0.9990329635214851,0.8787878787878788,1.0,0.7777777777777777,1.0,1.0,1.0,1,1.0,10
48,What is the treatment of choice  for gastric lymphoma?,BetaShap (U)32,0.9940748579084312,0.5636363636363636,1.0,0.4222222222222222,1.0,1.0,0.6,1,1.0,10
48,What is the treatment of choice  for gastric lymphoma?,TMC32,0.9983362267270548,0.6,1.0,0.4666666666666666,1.0,1.0,0.6,1,1.0,10
48,What is the treatment of choice  for gastric lymphoma?,ContextCite64,0.9994125328910487,0.9393939393939393,0.9990060221745386,0.8222222222222221,1.0,0.6666666666666666,1.0,1,1.0,10
48,What is the treatment of choice  for gastric lymphoma?,KernelShap64,0.9998438382603299,0.9999999999999999,1.0,0.9999999999999999,1.0,1.0,1.0,1,1.0,10
48,What is the treatment of choice  for gastric lymphoma?,BetaShap (U)64,0.9943499914450086,0.6606060606060605,1.0,0.5555555555555555,1.0,1.0,0.8,1,1.0,10
48,What is the treatment of choice  for gastric lymphoma?,TMC64,0.998975434298855,0.6969696969696969,1.0,0.6,1.0,1.0,0.8,1,1.0,10
48,What is the treatment of choice  for gastric lymphoma?,ContextCite100,0.9995189884198402,0.9151515151515152,1.0,0.7777777777777777,1.0,1.0,0.8,1,1.0,10
48,What is the treatment of choice  for gastric lymphoma?,KernelShap100,0.9997425261384406,0.9515151515151514,1.0,0.8666666666666666,1.0,1.0,0.8,1,1.0,10
48,What is the treatment of choice  for gastric lymphoma?,BetaShap (U)100,0.9937455814247973,0.7212121212121211,0.9764297290357205,0.5555555555555555,1.0,0.6666666666666666,0.8,1,1.0,10
48,What is the treatment of choice  for gastric lymphoma?,TMC100,0.9995930521619468,0.8909090909090909,1.0,0.7333333333333333,1.0,1.0,0.8,1,1.0,10
48,What is the treatment of choice  for gastric lymphoma?,LOO,0.9982195847841189,0.5515151515151515,0.9789313966618587,0.4666666666666666,1.0,0.6666666666666666,0.6,1,1.0,10
49,What is herceptin?,ContextCite32,0.9727525436134581,0.8181818181818182,0.9946929444726916,0.5555555555555555,1.0,1.0,0.8,1,1.0,10
49,What is herceptin?,KernelShap32,0.9652073220779018,0.7696969696969697,1.0000000000000002,0.6444444444444444,1.0,1.0,0.8,1,1.0,10
49,What is herceptin?,BetaShap (U)32,0.8189085904164719,0.8303030303030302,0.8152502633294569,0.6444444444444444,0.0,0.6666666666666666,0.8,1,1.0,10
49,What is herceptin?,TMC32,0.9577606930123842,0.8303030303030302,0.9741095270602906,0.6888888888888888,0.0,1.0,1.0,1,1.0,10
49,What is herceptin?,ContextCite64,0.9797181849268759,0.8545454545454544,1.0000000000000002,0.6888888888888888,1.0,1.0,0.8,1,1.0,10
49,What is herceptin?,KernelShap64,0.9837241031443968,0.8181818181818182,1.0000000000000002,0.7333333333333333,1.0,1.0,0.8,1,1.0,10
49,What is herceptin?,BetaShap (U)64,0.7868665958514519,0.8909090909090909,0.8152502633294569,0.7333333333333333,0.0,0.6666666666666666,0.8,1,1.0,10
49,What is herceptin?,TMC64,0.9747561645519269,0.9272727272727272,0.9741095270602906,0.8222222222222221,0.0,1.0,1.0,1,1.0,10
49,What is herceptin?,ContextCite100,0.9870093492795113,0.9030303030303028,1.0000000000000002,0.8222222222222221,1.0,1.0,1.0,1,1.0,10
49,What is herceptin?,KernelShap100,0.9784678695386178,0.8303030303030302,1.0000000000000002,0.7333333333333333,1.0,1.0,0.8,1,1.0,10
49,What is herceptin?,BetaShap (U)100,0.776037506650801,0.8666666666666665,0.8411407362691663,0.7777777777777777,1.0,0.6666666666666666,0.6,1,1.0,10
49,What is herceptin?,TMC100,0.9894178110589027,0.9878787878787878,1.0000000000000002,0.9555555555555554,1.0,1.0,1.0,1,1.0,10
49,What is herceptin?,LOO,0.8365331119849447,0.7818181818181817,1.0000000000000002,0.6888888888888888,1.0,1.0,0.8,1,1.0,10
50,What symptoms characterize the Muenke syndrome?,ContextCite32,0.7993193412636725,0.5636363636363636,0.7895050789438124,0.37777777777777777,0.0,0.6666666666666666,0.6,1,1.0,10
50,What symptoms characterize the Muenke syndrome?,KernelShap32,0.9252388829646107,0.7939393939393938,0.965183799194736,0.6,0.0,1.0,1.0,1,1.0,10
50,What symptoms characterize the Muenke syndrome?,BetaShap (U)32,0.7234106215134855,0.6,0.8225539862518687,0.4222222222222222,0.0,0.6666666666666666,0.8,1,1.0,10
50,What symptoms characterize the Muenke syndrome?,TMC32,0.7755813350724843,0.8545454545454544,0.8225539862518687,0.6444444444444444,0.0,0.6666666666666666,1.0,1,1.0,10
50,What symptoms characterize the Muenke syndrome?,ContextCite64,0.9563775228161712,0.8060606060606059,0.965183799194736,0.6444444444444444,0.0,1.0,1.0,1,1.0,10
50,What symptoms characterize the Muenke syndrome?,KernelShap64,0.9697977869942425,0.8181818181818182,0.9986732719694771,0.6444444444444444,1.0,1.0,1.0,1,1.0,10
50,What symptoms characterize the Muenke syndrome?,BetaShap (U)64,0.8818116360469763,0.7939393939393938,0.9583697839572581,0.6444444444444444,0.0,1.0,0.8,1,1.0,10
50,What symptoms characterize the Muenke syndrome?,TMC64,0.9353564272114738,0.9151515151515152,0.9702503634948012,0.8222222222222221,0.0,1.0,1.0,1,1.0,10
50,What symptoms characterize the Muenke syndrome?,ContextCite100,0.9851274901409353,0.9515151515151514,0.9986732719694771,0.8222222222222221,1.0,1.0,1.0,1,1.0,10
50,What symptoms characterize the Muenke syndrome?,KernelShap100,0.9836150230725231,0.8424242424242423,0.9986732719694771,0.6888888888888888,1.0,1.0,1.0,1,1.0,10
50,What symptoms characterize the Muenke syndrome?,BetaShap (U)100,0.8738313975653509,0.7454545454545454,0.9583697839572581,0.5111111111111111,0.0,1.0,0.8,1,1.0,10
50,What symptoms characterize the Muenke syndrome?,TMC100,0.9854377071132627,0.9515151515151514,1.0,0.8666666666666666,1.0,1.0,0.8,1,1.0,10
50,What symptoms characterize the Muenke syndrome?,LOO,0.7430319085346807,0.9151515151515152,1.0,0.8222222222222221,1.0,1.0,0.8,1,1.0,10
51,Which is the most widely used model for the study of multiple sclerosis (MS)?,ContextCite32,0.7192654917678298,0.7575757575757575,0.800037740312516,0.5111111111111111,1.0,0.6666666666666666,0.8,1,1.0,10
51,Which is the most widely used model for the study of multiple sclerosis (MS)?,KernelShap32,0.816189979279522,0.7212121212121211,0.9176216645920435,0.5555555555555555,0.0,0.6666666666666666,0.6,1,1.0,10
51,Which is the most widely used model for the study of multiple sclerosis (MS)?,BetaShap (U)32,0.2883491035389343,0.2727272727272727,0.6655713971328824,0.15555555555555553,1.0,0.3333333333333333,0.6,1,1.0,10
51,Which is the most widely used model for the study of multiple sclerosis (MS)?,TMC32,0.420715665382121,0.22424242424242422,0.6701321894061505,0.15555555555555553,1.0,0.3333333333333333,0.6,1,1.0,10
51,Which is the most widely used model for the study of multiple sclerosis (MS)?,ContextCite64,0.6974364255468736,0.7818181818181817,0.8740102872502264,0.6,1.0,0.6666666666666666,0.8,1,1.0,10
51,Which is the most widely used model for the study of multiple sclerosis (MS)?,KernelShap64,0.9388697371535786,0.8909090909090909,0.997760646266641,0.7333333333333333,0.0,1.0,0.8,1,1.0,10
51,Which is the most widely used model for the study of multiple sclerosis (MS)?,BetaShap (U)64,0.6694251439411428,0.5030303030303029,0.8951803278404418,0.37777777777777777,0.0,0.6666666666666666,0.8,1,1.0,10
51,Which is the most widely used model for the study of multiple sclerosis (MS)?,TMC64,0.8325558092691208,0.7454545454545454,0.9616633823034505,0.6,1.0,0.6666666666666666,0.8,1,1.0,10
51,Which is the most widely used model for the study of multiple sclerosis (MS)?,ContextCite100,0.7843173152522298,0.8909090909090909,0.9198610183254026,0.7777777777777777,1.0,0.6666666666666666,0.8,1,1.0,10
51,Which is the most widely used model for the study of multiple sclerosis (MS)?,KernelShap100,0.914829991061345,0.8787878787878788,0.997760646266641,0.7333333333333333,0.0,1.0,0.6,1,1.0,10
51,Which is the most widely used model for the study of multiple sclerosis (MS)?,BetaShap (U)100,0.6620442947207037,0.49090909090909085,0.9721006460561357,0.3333333333333333,0.0,1.0,0.6,1,1.0,10
51,Which is the most widely used model for the study of multiple sclerosis (MS)?,TMC100,0.8448133233426014,0.709090909090909,0.914836625197616,0.6,1.0,0.6666666666666666,0.8,1,1.0,10
51,Which is the most widely used model for the study of multiple sclerosis (MS)?,LOO,0.20155053830131836,0.22424242424242422,0.6938892112658868,0.15555555555555553,1.0,0.3333333333333333,0.6,1,1.0,10
52,How does ranolazine affect calcium handling in the heart,ContextCite32,0.9965961149581058,0.8666666666666665,0.9877970146808864,0.6888888888888888,0.0,1.0,0.8,1,1.0,10
52,How does ranolazine affect calcium handling in the heart,KernelShap32,0.9956182488583205,0.6606060606060605,1.0000000000000002,0.5555555555555555,1.0,1.0,0.8,1,1.0,10
52,How does ranolazine affect calcium handling in the heart,BetaShap (U)32,0.9796636207667397,0.8545454545454544,0.9214430009986441,0.6888888888888888,0.0,0.6666666666666666,0.8,1,1.0,10
52,How does ranolazine affect calcium handling in the heart,TMC32,0.9918432517030461,0.8545454545454544,0.9877970146808864,0.6888888888888888,0.0,1.0,0.8,1,1.0,10
52,How does ranolazine affect calcium handling in the heart,ContextCite64,0.9985045553351322,0.9272727272727272,1.0000000000000002,0.8222222222222221,1.0,1.0,0.8,1,1.0,10
52,How does ranolazine affect calcium handling in the heart,KernelShap64,0.9983480480861173,0.8666666666666665,1.0000000000000002,0.6888888888888888,1.0,1.0,0.8,1,1.0,10
52,How does ranolazine affect calcium handling in the heart,BetaShap (U)64,0.9480685710717935,0.8787878787878788,0.9336459863177577,0.7333333333333333,1.0,0.6666666666666666,1.0,1,1.0,10
52,How does ranolazine affect calcium handling in the heart,TMC64,0.9963653660438037,0.9151515151515152,1.0000000000000002,0.8222222222222221,1.0,1.0,1.0,1,1.0,10
52,How does ranolazine affect calcium handling in the heart,ContextCite100,0.9977673743897425,0.8909090909090909,1.0000000000000002,0.7777777777777777,1.0,1.0,0.8,1,1.0,10
52,How does ranolazine affect calcium handling in the heart,KernelShap100,0.9990741716519211,0.9515151515151514,1.0000000000000002,0.8666666666666666,1.0,1.0,0.8,1,1.0,10
52,How does ranolazine affect calcium handling in the heart,BetaShap (U)100,0.9044692237184593,0.9636363636363635,1.0000000000000002,0.911111111111111,1.0,1.0,1.0,1,1.0,10
52,How does ranolazine affect calcium handling in the heart,TMC100,0.9978114411066005,0.9636363636363635,1.0000000000000002,0.911111111111111,1.0,1.0,1.0,1,1.0,10
52,How does ranolazine affect calcium handling in the heart,LOO,0.9925615308601267,0.5151515151515151,1.0000000000000002,0.3333333333333333,1.0,1.0,0.6,1,1.0,10
53,Why does cranberry juice help combat urinary tract infections?,ContextCite32,0.9896517046565869,0.7696969696969697,0.9669021458140848,0.6444444444444444,1.0,0.6666666666666666,0.8,1,1.0,10
53,Why does cranberry juice help combat urinary tract infections?,KernelShap32,0.9957086156896763,0.7696969696969697,0.9815810550992822,0.6444444444444444,1.0,0.6666666666666666,0.8,1,1.0,10
53,Why does cranberry juice help combat urinary tract infections?,BetaShap (U)32,0.9378181836329232,0.4545454545454545,0.9457962624465384,0.3333333333333333,1.0,0.3333333333333333,0.8,1,1.0,10
53,Why does cranberry juice help combat urinary tract infections?,TMC32,0.9789314924937397,0.5393939393939393,0.9585985448180125,0.4222222222222222,1.0,0.6666666666666666,0.6,1,1.0,10
53,Why does cranberry juice help combat urinary tract infections?,ContextCite64,0.9938989312107667,0.6606060606060605,0.9758501520467119,0.5111111111111111,1.0,0.6666666666666666,0.6,1,1.0,10
53,Why does cranberry juice help combat urinary tract infections?,KernelShap64,0.9976598437244971,0.9272727272727272,0.9836232535764254,0.8666666666666666,1.0,0.6666666666666666,1.0,1,1.0,10
53,Why does cranberry juice help combat urinary tract infections?,BetaShap (U)64,0.902536498738265,0.17575757575757575,0.9341033442417458,0.1111111111111111,1.0,0.3333333333333333,0.4,1,1.0,10
53,Why does cranberry juice help combat urinary tract infections?,TMC64,0.9865552049112684,0.5878787878787878,0.9462580789392857,0.4666666666666666,1.0,0.3333333333333333,0.6,1,1.0,10
53,Why does cranberry juice help combat urinary tract infections?,ContextCite100,0.9950124130491975,0.7575757575757575,0.9758501520467119,0.5555555555555555,1.0,0.6666666666666666,0.8,1,1.0,10
53,Why does cranberry juice help combat urinary tract infections?,KernelShap100,0.9973802495897658,0.9030303030303028,0.9790816203596293,0.7777777777777777,1.0,0.6666666666666666,1.0,1,1.0,10
53,Why does cranberry juice help combat urinary tract infections?,BetaShap (U)100,0.7535788102236805,0.6848484848484848,0.9922011673380693,0.6,1.0,0.6666666666666666,0.6,1,1.0,10
53,Why does cranberry juice help combat urinary tract infections?,TMC100,0.993303927553929,0.8060606060606059,0.973987958853944,0.6444444444444444,1.0,0.6666666666666666,0.8,1,1.0,10
53,Why does cranberry juice help combat urinary tract infections?,LOO,0.9774348722853647,0.6363636363636362,1.0,0.5111111111111111,1.0,1.0,0.8,1,1.0,10
54,How are cryptic unstable transcripts (CUTs) defined?,ContextCite32,0.9945504921800408,0.7212121212121211,0.9922900057548022,0.6,1.0,0.6666666666666666,0.8,1,1.0,10
54,How are cryptic unstable transcripts (CUTs) defined?,KernelShap32,0.9985928796229855,0.9393939393939393,0.9922900057548022,0.8222222222222221,1.0,0.6666666666666666,0.8,1,1.0,10
54,How are cryptic unstable transcripts (CUTs) defined?,BetaShap (U)32,0.9792095602694867,0.7575757575757575,0.9892601472314695,0.6444444444444444,1.0,0.6666666666666666,0.6,1,1.0,10
54,How are cryptic unstable transcripts (CUTs) defined?,TMC32,0.9918603460073314,0.7454545454545454,1.0,0.6,1.0,1.0,0.6,1,1.0,10
54,How are cryptic unstable transcripts (CUTs) defined?,ContextCite64,0.9983651610705644,0.8060606060606059,0.9922900057548022,0.6888888888888888,1.0,0.6666666666666666,0.8,1,1.0,10
54,How are cryptic unstable transcripts (CUTs) defined?,KernelShap64,0.9987850786537907,0.7575757575757575,1.0,0.6,1.0,1.0,0.6,1,1.0,10
54,How are cryptic unstable transcripts (CUTs) defined?,BetaShap (U)64,0.976285426408561,0.8060606060606059,1.0,0.6888888888888888,1.0,1.0,0.6,1,1.0,10
54,How are cryptic unstable transcripts (CUTs) defined?,TMC64,0.9916583908079636,0.8787878787878788,1.0,0.7777777777777777,1.0,1.0,0.8,1,1.0,10
54,How are cryptic unstable transcripts (CUTs) defined?,ContextCite100,0.9973925937875571,0.8303030303030302,0.9922900057548022,0.6888888888888888,1.0,0.6666666666666666,0.8,1,1.0,10
54,How are cryptic unstable transcripts (CUTs) defined?,KernelShap100,0.9989721245450239,0.9272727272727272,1.0,0.8222222222222221,1.0,1.0,0.8,1,1.0,10
54,How are cryptic unstable transcripts (CUTs) defined?,BetaShap (U)100,0.9777067412043248,0.8787878787878788,1.0,0.8222222222222221,1.0,1.0,0.8,1,1.0,10
54,How are cryptic unstable transcripts (CUTs) defined?,TMC100,0.9954473408238285,0.8545454545454544,1.0,0.7333333333333333,1.0,1.0,0.8,1,1.0,10
54,How are cryptic unstable transcripts (CUTs) defined?,LOO,0.9943907013884495,0.406060606060606,0.9884912044893501,0.3333333333333333,1.0,0.6666666666666666,0.6,1,1.0,10
55,What is Abbreviated Injury Scale (AIS) used to determine?,ContextCite32,0.9286000432509901,0.7212121212121211,0.9889751368522136,0.5555555555555555,0.0,0.6666666666666666,0.8,1,1.0,10
55,What is Abbreviated Injury Scale (AIS) used to determine?,KernelShap32,0.9149254317676632,0.09090909090909088,0.988837649389243,-0.022222222222222223,1.0,0.6666666666666666,0.4,1,1.0,10
55,What is Abbreviated Injury Scale (AIS) used to determine?,BetaShap (U)32,0.8719809119012603,0.34545454545454546,0.9904290170174903,0.24444444444444444,1.0,0.6666666666666666,0.6,1,1.0,10
55,What is Abbreviated Injury Scale (AIS) used to determine?,TMC32,0.9354660950663263,0.4787878787878787,0.9904290170174903,0.37777777777777777,1.0,0.6666666666666666,0.6,1,1.0,10
55,What is Abbreviated Injury Scale (AIS) used to determine?,ContextCite64,0.9529001595455093,0.6121212121212121,0.9807158027835147,0.4222222222222222,0.0,0.6666666666666666,0.6,1,1.0,10
55,What is Abbreviated Injury Scale (AIS) used to determine?,KernelShap64,0.9608581590205572,0.10303030303030303,0.9798278696714182,-0.022222222222222223,1.0,0.6666666666666666,0.4,1,1.0,10
55,What is Abbreviated Injury Scale (AIS) used to determine?,BetaShap (U)64,0.8575310476153656,0.5151515151515151,0.9904290170174903,0.3333333333333333,1.0,0.6666666666666666,0.4,1,1.0,10
55,What is Abbreviated Injury Scale (AIS) used to determine?,TMC64,0.9514753608326065,0.5393939393939393,0.994155303252013,0.37777777777777777,1.0,0.6666666666666666,0.4,1,1.0,10
55,What is Abbreviated Injury Scale (AIS) used to determine?,ContextCite100,0.9761755162461658,0.7939393939393938,0.9902867857660244,0.6444444444444444,0.0,1.0,0.8,1,1.0,10
55,What is Abbreviated Injury Scale (AIS) used to determine?,KernelShap100,0.9812644807319795,0.2121212121212121,0.9798278696714182,0.15555555555555553,1.0,0.6666666666666666,0.6,1,1.0,10
55,What is Abbreviated Injury Scale (AIS) used to determine?,BetaShap (U)100,0.9034127665695141,0.6727272727272726,0.9986883510861894,0.5111111111111111,1.0,0.6666666666666666,0.6,1,1.0,10
55,What is Abbreviated Injury Scale (AIS) used to determine?,TMC100,0.9934886066986162,0.6242424242424242,0.994155303252013,0.5555555555555555,1.0,0.6666666666666666,0.6,1,1.0,10
55,What is Abbreviated Injury Scale (AIS) used to determine?,LOO,0.9238475266005529,0.35757575757575755,0.9791244351552674,0.15555555555555553,0.0,0.6666666666666666,0.4,1,1.0,10
56,Tumor-treating fields are effective for treatment of which cancers?,ContextCite32,0.9912290371028151,0.9515151515151514,1.0000000000000002,0.8666666666666666,1.0,1.0,1.0,1,1.0,10
56,Tumor-treating fields are effective for treatment of which cancers?,KernelShap32,0.986825063608177,0.9393939393939393,1.0000000000000002,0.8666666666666666,1.0,1.0,1.0,1,1.0,10
56,Tumor-treating fields are effective for treatment of which cancers?,BetaShap (U)32,0.7918913048979842,0.7454545454545454,0.9255881175154596,0.6444444444444444,1.0,0.6666666666666666,0.8,1,1.0,10
56,Tumor-treating fields are effective for treatment of which cancers?,TMC32,0.9591010617443909,0.9515151515151514,0.9458878481463203,0.8666666666666666,1.0,0.6666666666666666,1.0,1,1.0,10
56,Tumor-treating fields are effective for treatment of which cancers?,ContextCite64,0.9958158291077155,0.9999999999999999,1.0000000000000002,0.9999999999999999,1.0,1.0,1.0,1,1.0,10
56,Tumor-treating fields are effective for treatment of which cancers?,KernelShap64,0.990044151148463,0.9151515151515152,1.0000000000000002,0.8222222222222221,1.0,1.0,1.0,1,1.0,10
56,Tumor-treating fields are effective for treatment of which cancers?,BetaShap (U)64,0.8255215270616998,0.4787878787878787,0.9255881175154596,0.37777777777777777,1.0,0.6666666666666666,0.6,1,1.0,10
56,Tumor-treating fields are effective for treatment of which cancers?,TMC64,0.986961472325652,0.9636363636363635,1.0000000000000002,0.911111111111111,1.0,1.0,1.0,1,1.0,10
56,Tumor-treating fields are effective for treatment of which cancers?,ContextCite100,0.996641423567019,0.9757575757575757,1.0000000000000002,0.911111111111111,1.0,1.0,1.0,1,1.0,10
56,Tumor-treating fields are effective for treatment of which cancers?,KernelShap100,0.9930826556005198,0.9030303030303028,1.0000000000000002,0.8222222222222221,1.0,1.0,1.0,1,1.0,10
56,Tumor-treating fields are effective for treatment of which cancers?,BetaShap (U)100,0.7488513245227906,0.32121212121212117,0.9255881175154596,0.24444444444444444,1.0,0.6666666666666666,0.4,1,1.0,10
56,Tumor-treating fields are effective for treatment of which cancers?,TMC100,0.9873088996105502,0.9393939393939393,0.9740519848731652,0.8222222222222221,1.0,0.6666666666666666,0.8,1,1.0,10
56,Tumor-treating fields are effective for treatment of which cancers?,LOO,0.9571523905542836,0.8424242424242423,0.9740519848731652,0.6888888888888888,1.0,0.6666666666666666,0.8,1,1.0,10
57,Which properties of the mRNA does N6-methyladenosine (m6A) affect?,ContextCite32,0.9867189303559731,0.6727272727272726,1.0000000000000002,0.4666666666666666,1.0,1.0,0.6,1,1.0,10
57,Which properties of the mRNA does N6-methyladenosine (m6A) affect?,KernelShap32,0.9562531105988639,0.8787878787878788,0.9702040756321172,0.7333333333333333,1.0,0.6666666666666666,1.0,1,1.0,10
57,Which properties of the mRNA does N6-methyladenosine (m6A) affect?,BetaShap (U)32,0.9218621516553198,0.6363636363636362,0.9668384052603618,0.5111111111111111,1.0,0.6666666666666666,0.6,1,1.0,10
57,Which properties of the mRNA does N6-methyladenosine (m6A) affect?,TMC32,0.9571919705532566,0.6969696969696969,1.0000000000000002,0.6,1.0,1.0,0.8,1,1.0,10
57,Which properties of the mRNA does N6-methyladenosine (m6A) affect?,ContextCite64,0.9864039891895563,0.6848484848484848,0.9668384052603618,0.5555555555555555,1.0,0.6666666666666666,0.8,1,1.0,10
57,Which properties of the mRNA does N6-methyladenosine (m6A) affect?,KernelShap64,0.9882572500518526,0.8181818181818182,1.0000000000000002,0.6888888888888888,1.0,1.0,0.8,1,1.0,10
57,Which properties of the mRNA does N6-methyladenosine (m6A) affect?,BetaShap (U)64,0.9155499113909126,0.4787878787878787,0.9668384052603618,0.37777777777777777,1.0,0.6666666666666666,0.4,1,1.0,10
57,Which properties of the mRNA does N6-methyladenosine (m6A) affect?,TMC64,0.990831429165292,0.9393939393939393,1.0000000000000002,0.8222222222222221,1.0,1.0,0.8,1,1.0,10
57,Which properties of the mRNA does N6-methyladenosine (m6A) affect?,ContextCite100,0.9935801186121895,0.8424242424242423,0.9702040756321172,0.7333333333333333,1.0,0.6666666666666666,0.8,1,1.0,10
57,Which properties of the mRNA does N6-methyladenosine (m6A) affect?,KernelShap100,0.9871036864328598,0.8787878787878788,1.0000000000000002,0.7777777777777777,1.0,1.0,0.8,1,1.0,10
57,Which properties of the mRNA does N6-methyladenosine (m6A) affect?,BetaShap (U)100,0.877728344486148,0.5757575757575757,0.9668384052603618,0.4666666666666666,1.0,0.6666666666666666,0.6,1,1.0,10
57,Which properties of the mRNA does N6-methyladenosine (m6A) affect?,TMC100,0.9893308867955836,0.9272727272727272,0.975057137549263,0.7777777777777777,1.0,0.6666666666666666,0.8,1,1.0,10
57,Which properties of the mRNA does N6-methyladenosine (m6A) affect?,LOO,0.9699238243018842,0.9030303030303028,0.975057137549263,0.7777777777777777,1.0,0.6666666666666666,1.0,1,1.0,10
58,Is arimoclomol a co-inducer of the heat shock response?,ContextCite32,0.9983193222656013,0.7818181818181817,1.0,0.6444444444444444,1.0,1.0,1.0,1,1.0,10
58,Is arimoclomol a co-inducer of the heat shock response?,KernelShap32,0.9982064551583745,0.9030303030303028,1.0,0.7777777777777777,1.0,1.0,1.0,1,1.0,10
58,Is arimoclomol a co-inducer of the heat shock response?,BetaShap (U)32,0.9901777167784689,0.34545454545454546,0.9492342637436608,0.19999999999999998,1.0,0.6666666666666666,0.6,1,1.0,10
58,Is arimoclomol a co-inducer of the heat shock response?,TMC32,0.9925003661120874,0.35757575757575755,0.9521205390134924,0.28888888888888886,1.0,0.6666666666666666,0.4,1,1.0,10
58,Is arimoclomol a co-inducer of the heat shock response?,ContextCite64,0.9987587277087093,0.9272727272727272,0.9892854439580656,0.8222222222222221,1.0,0.6666666666666666,1.0,1,1.0,10
58,Is arimoclomol a co-inducer of the heat shock response?,KernelShap64,0.9977847985558815,0.8060606060606059,1.0,0.7333333333333333,1.0,1.0,0.8,1,1.0,10
58,Is arimoclomol a co-inducer of the heat shock response?,BetaShap (U)64,0.9819468060104628,0.4545454545454545,1.0,0.28888888888888886,1.0,1.0,0.6,1,1.0,10
58,Is arimoclomol a co-inducer of the heat shock response?,TMC64,0.9973693467192921,0.5272727272727272,1.0,0.4222222222222222,1.0,1.0,0.6,1,1.0,10
58,Is arimoclomol a co-inducer of the heat shock response?,ContextCite100,0.9979108090890727,0.8303030303030302,0.9892854439580656,0.6888888888888888,1.0,0.6666666666666666,0.8,1,1.0,10
58,Is arimoclomol a co-inducer of the heat shock response?,KernelShap100,0.9980961219872755,0.8060606060606059,1.0,0.7333333333333333,1.0,1.0,0.8,1,1.0,10
58,Is arimoclomol a co-inducer of the heat shock response?,BetaShap (U)100,0.9816680109408293,0.5636363636363636,1.0,0.4222222222222222,1.0,1.0,0.6,1,1.0,10
58,Is arimoclomol a co-inducer of the heat shock response?,TMC100,0.9970684219784597,0.6363636363636362,0.9950942477191055,0.4222222222222222,1.0,1.0,0.8,1,1.0,10
58,Is arimoclomol a co-inducer of the heat shock response?,LOO,0.9928091057875504,0.19999999999999998,0.9728743073031882,0.06666666666666667,1.0,0.6666666666666666,0.6,1,1.0,10
59,What is 2d 4d ratio in athletes.,ContextCite32,0.9500909047438114,0.8303030303030302,0.983348896054837,0.6888888888888888,1.0,0.6666666666666666,0.8,1,1.0,10
59,What is 2d 4d ratio in athletes.,KernelShap32,0.9795730957452481,0.9636363636363635,1.0,0.911111111111111,1.0,1.0,1.0,1,1.0,10
59,What is 2d 4d ratio in athletes.,BetaShap (U)32,0.780220770574352,0.7818181818181817,0.8399651666755483,0.6,0.0,0.6666666666666666,0.8,1,1.0,10
59,What is 2d 4d ratio in athletes.,TMC32,0.8653699476574279,0.9030303030303028,0.8894729661431314,0.7777777777777777,0.0,0.6666666666666666,1.0,1,1.0,10
59,What is 2d 4d ratio in athletes.,ContextCite64,0.9841689048722282,0.9878787878787878,1.0,0.9555555555555554,1.0,1.0,1.0,1,1.0,10
59,What is 2d 4d ratio in athletes.,KernelShap64,0.9599405968028224,0.8909090909090909,1.0,0.7777777777777777,1.0,1.0,1.0,1,1.0,10
59,What is 2d 4d ratio in athletes.,BetaShap (U)64,0.8451154996971408,0.7818181818181817,1.0,0.6444444444444444,1.0,1.0,0.8,1,1.0,10
59,What is 2d 4d ratio in athletes.,TMC64,0.9637290614620718,0.9272727272727272,0.983348896054837,0.7777777777777777,1.0,0.6666666666666666,0.8,1,1.0,10
59,What is 2d 4d ratio in athletes.,ContextCite100,0.9860684822275123,0.9878787878787878,1.0,0.9555555555555554,1.0,1.0,1.0,1,1.0,10
59,What is 2d 4d ratio in athletes.,KernelShap100,0.9863954920811068,0.9757575757575757,1.0,0.911111111111111,1.0,1.0,1.0,1,1.0,10
59,What is 2d 4d ratio in athletes.,BetaShap (U)100,0.8943513266579761,0.8060606060606059,0.983348896054837,0.6444444444444444,1.0,0.6666666666666666,0.8,1,1.0,10
59,What is 2d 4d ratio in athletes.,TMC100,0.940728675034318,0.9272727272727272,0.983348896054837,0.7777777777777777,1.0,0.6666666666666666,0.8,1,1.0,10
59,What is 2d 4d ratio in athletes.,LOO,0.9056737156023494,0.7333333333333332,1.0,0.6,1.0,1.0,0.8,1,1.0,10
60,Which is the substrate of the haspin kinase during mitosis?,ContextCite32,0.8840275125079495,0.7939393939393938,0.8552204811659605,0.6444444444444444,0.0,0.6666666666666666,0.8,1,1.0,10
60,Which is the substrate of the haspin kinase during mitosis?,KernelShap32,0.8599309962615036,0.309090909090909,0.9459733320648456,0.19999999999999998,1.0,0.6666666666666666,0.4,1,1.0,10
60,Which is the substrate of the haspin kinase during mitosis?,BetaShap (U)32,0.9018031425923617,0.7333333333333332,0.925197650289516,0.6,1.0,0.6666666666666666,0.8,1,1.0,10
60,Which is the substrate of the haspin kinase during mitosis?,TMC32,0.9015884077466743,0.6848484848484848,0.9227163561088648,0.5555555555555555,1.0,0.6666666666666666,0.8,1,1.0,10
60,Which is the substrate of the haspin kinase during mitosis?,ContextCite64,0.957529859194659,0.8909090909090909,0.9851157518039435,0.7777777777777777,1.0,0.6666666666666666,0.8,1,1.0,10
60,Which is the substrate of the haspin kinase during mitosis?,KernelShap64,0.947441365204384,0.6484848484848483,0.9459733320648456,0.5111111111111111,1.0,0.6666666666666666,0.6,1,1.0,10
60,Which is the substrate of the haspin kinase during mitosis?,BetaShap (U)64,0.8911161880203888,0.6727272727272726,0.925197650289516,0.6,1.0,0.6666666666666666,0.8,1,1.0,10
60,Which is the substrate of the haspin kinase during mitosis?,TMC64,0.940156027080588,0.9030303030303028,0.9576585088067641,0.7777777777777777,1.0,0.6666666666666666,0.8,1,1.0,10
60,Which is the substrate of the haspin kinase during mitosis?,ContextCite100,0.9875052514978041,0.9515151515151514,1.0000000000000002,0.8666666666666666,1.0,1.0,0.8,1,1.0,10
60,Which is the substrate of the haspin kinase during mitosis?,KernelShap100,0.975889787053895,0.9118583155200968,1.0000000000000002,0.764093177458341,1.0,1.0,0.8,1,1.0,10
60,Which is the substrate of the haspin kinase during mitosis?,BetaShap (U)100,0.9009151164515218,0.6969696969696969,0.9851157518039435,0.6,1.0,0.6666666666666666,0.6,1,1.0,10
60,Which is the substrate of the haspin kinase during mitosis?,TMC100,0.9591501868786476,0.7818181818181817,0.9576585088067641,0.6888888888888888,1.0,0.6666666666666666,0.8,1,1.0,10
60,Which is the substrate of the haspin kinase during mitosis?,LOO,0.8747750119023662,0.5151515151515151,0.9576585088067641,0.4222222222222222,1.0,0.6666666666666666,0.4,1,1.0,10
61,What is the importance of Janus Kinases in dermatology?,ContextCite32,0.9375862775357311,0.8145934285312865,0.9863995148832909,0.6741998624632421,1.0,0.6666666666666666,1.0,1,1.0,10
61,What is the importance of Janus Kinases in dermatology?,KernelShap32,0.8513439654818078,0.7538028741632801,1.0,0.6292532049656926,1.0,1.0,0.8,1,1.0,10
61,What is the importance of Janus Kinases in dermatology?,BetaShap (U)32,0.8629274698144809,0.8753839828992931,0.9863995148832909,0.7191465199607915,1.0,0.6666666666666666,0.8,1,1.0,10
61,What is the importance of Janus Kinases in dermatology?,TMC32,0.9253115100480347,0.9483326481409007,1.0,0.8989331499509894,1.0,1.0,1.0,1,1.0,10
61,What is the importance of Janus Kinases in dermatology?,ContextCite64,0.9760243083975673,0.7659609850368815,0.9863995148832909,0.6292532049656926,1.0,0.6666666666666666,0.8,1,1.0,10
61,What is the importance of Janus Kinases in dermatology?,KernelShap64,0.9420801769288447,0.6261427099904665,0.9863995148832909,0.4494665749754947,1.0,0.6666666666666666,0.8,1,1.0,10
61,What is the importance of Janus Kinases in dermatology?,BetaShap (U)64,0.881133906097834,0.7720400404736821,0.9863995148832909,0.6292532049656926,1.0,0.6666666666666666,0.8,1,1.0,10
61,What is the importance of Janus Kinases in dermatology?,TMC64,0.9387875853446731,0.8267515394048879,0.9832718681162312,0.7191465199607915,0.0,0.6666666666666666,0.8,1,1.0,10
61,What is the importance of Janus Kinases in dermatology?,ContextCite100,0.9787387773548981,0.7416447632896789,0.9863995148832909,0.5843065474681431,1.0,0.6666666666666666,0.8,1,1.0,10
61,What is the importance of Janus Kinases in dermatology?,KernelShap100,0.961192969729487,0.7112494861056755,0.9863995148832909,0.5393598899705937,1.0,0.6666666666666666,0.8,1,1.0,10
61,What is the importance of Janus Kinases in dermatology?,BetaShap (U)100,0.783791831731721,0.7841981513472833,0.8322310434526817,0.6292532049656926,0.0,0.6666666666666666,0.8,1,1.0,10
61,What is the importance of Janus Kinases in dermatology?,TMC100,0.9702655311162058,0.9240164263936982,0.9832718681162312,0.7640931774583409,0.0,0.6666666666666666,0.8,1,1.0,10
61,What is the importance of Janus Kinases in dermatology?,LOO,0.7698232397960294,0.4878048780487806,0.9655285501542534,0.3181818181818182,0.0,1.0,0.6,1,1.0,10
62,Describe the mechanism of action of a drug Elagolix.,ContextCite32,0.9877508548166356,0.735565707852878,0.9992141631091265,0.5843065474681431,1.0,1.0,0.8,1,1.0,10
62,Describe the mechanism of action of a drug Elagolix.,KernelShap32,0.9932072113145409,0.790277206784084,0.9992141631091265,0.6292532049656926,1.0,1.0,0.6,1,1.0,10
62,Describe the mechanism of action of a drug Elagolix.,BetaShap (U)32,0.9567997225819028,0.8875420937728943,0.9335784612188028,0.7640931774583409,1.0,0.6666666666666666,0.8,1,1.0,10
62,Describe the mechanism of action of a drug Elagolix.,TMC32,0.9732838984524821,0.8875420937728943,0.9335784612188028,0.7640931774583409,1.0,0.6666666666666666,0.8,1,1.0,10
62,Describe the mechanism of action of a drug Elagolix.,ContextCite64,0.9975169819509567,0.8936211492096949,0.9992141631091265,0.7640931774583409,1.0,1.0,0.8,1,1.0,10
62,Describe the mechanism of action of a drug Elagolix.,KernelShap64,0.9972983026800527,0.8632258720256917,0.9992141631091265,0.6741998624632421,1.0,1.0,0.6,1,1.0,10
62,Describe the mechanism of action of a drug Elagolix.,BetaShap (U)64,0.9603925233839012,0.9665698144513026,0.9999999999999999,0.8989331499509894,1.0,1.0,0.8,1,1.0,10
62,Describe the mechanism of action of a drug Elagolix.,TMC64,0.9916186285133808,0.9665698144513026,0.9999999999999999,0.8989331499509894,1.0,1.0,0.8,1,1.0,10
62,Describe the mechanism of action of a drug Elagolix.,ContextCite100,0.9997277180718025,0.9240164263936982,0.9992141631091265,0.8090398349558905,1.0,1.0,0.8,1,1.0,10
62,Describe the mechanism of action of a drug Elagolix.,KernelShap100,0.9979190215880437,0.9240164263936982,0.9992141631091265,0.8090398349558905,1.0,1.0,0.8,1,1.0,10
62,Describe the mechanism of action of a drug Elagolix.,BetaShap (U)100,0.9742069024024735,0.8936211492096949,0.9999999999999999,0.7640931774583409,1.0,1.0,0.8,1,1.0,10
62,Describe the mechanism of action of a drug Elagolix.,TMC100,0.9973714253694197,0.9179373709568976,0.9999999999999999,0.8090398349558905,1.0,1.0,0.8,1,1.0,10
62,Describe the mechanism of action of a drug Elagolix.,LOO,0.9798573841141154,0.7317073170731708,0.9999999999999999,0.6818181818181819,1.0,1.0,0.8,1,1.0,10
63,Is recommended the use of perioperative treatment with thyroid hormone therapy in patients undergoing coronary artery bypass grafting?,ContextCite32,0.940306774853736,0.8060606060606059,1.0000000000000002,0.6888888888888888,1.0,1.0,1.0,1,1.0,10
63,Is recommended the use of perioperative treatment with thyroid hormone therapy in patients undergoing coronary artery bypass grafting?,KernelShap32,0.9595505916684346,0.8666666666666665,0.9956997190299405,0.7333333333333333,1.0,1.0,0.8,1,1.0,10
63,Is recommended the use of perioperative treatment with thyroid hormone therapy in patients undergoing coronary artery bypass grafting?,BetaShap (U)32,0.3250092573231244,0.12727272727272726,0.6962562621225251,0.15555555555555553,1.0,0.3333333333333333,0.6,1,1.0,10
63,Is recommended the use of perioperative treatment with thyroid hormone therapy in patients undergoing coronary artery bypass grafting?,TMC32,0.7901520752634246,0.35757575757575755,0.904624401347332,0.24444444444444444,1.0,0.6666666666666666,0.6,1,1.0,10
63,Is recommended the use of perioperative treatment with thyroid hormone therapy in patients undergoing coronary artery bypass grafting?,ContextCite64,0.987608525457863,0.8909090909090909,1.0000000000000002,0.7777777777777777,1.0,1.0,1.0,1,1.0,10
63,Is recommended the use of perioperative treatment with thyroid hormone therapy in patients undergoing coronary artery bypass grafting?,KernelShap64,0.9792538200626189,0.9636363636363635,1.0000000000000002,0.8666666666666666,1.0,1.0,0.8,1,1.0,10
63,Is recommended the use of perioperative treatment with thyroid hormone therapy in patients undergoing coronary artery bypass grafting?,BetaShap (U)64,0.49076663133739035,0.13939393939393938,0.7522761112246888,0.1111111111111111,1.0,0.3333333333333333,0.6,1,1.0,10
63,Is recommended the use of perioperative treatment with thyroid hormone therapy in patients undergoing coronary artery bypass grafting?,TMC64,0.9402058815383689,0.8060606060606059,0.904624401347332,0.6888888888888888,1.0,0.6666666666666666,0.8,1,1.0,10
63,Is recommended the use of perioperative treatment with thyroid hormone therapy in patients undergoing coronary artery bypass grafting?,ContextCite100,0.9896272171389376,0.9030303030303028,1.0000000000000002,0.8222222222222221,1.0,1.0,1.0,1,1.0,10
63,Is recommended the use of perioperative treatment with thyroid hormone therapy in patients undergoing coronary artery bypass grafting?,KernelShap100,0.9813890995358338,0.9272727272727272,1.0000000000000002,0.8222222222222221,1.0,1.0,0.8,1,1.0,10
63,Is recommended the use of perioperative treatment with thyroid hormone therapy in patients undergoing coronary artery bypass grafting?,BetaShap (U)100,0.5325438755311723,0.2606060606060606,0.8933490903052569,0.15555555555555553,1.0,0.6666666666666666,0.6,1,1.0,10
63,Is recommended the use of perioperative treatment with thyroid hormone therapy in patients undergoing coronary artery bypass grafting?,TMC100,0.9508751210961507,0.8909090909090909,1.0000000000000002,0.7777777777777777,1.0,1.0,1.0,1,1.0,10
63,Is recommended the use of perioperative treatment with thyroid hormone therapy in patients undergoing coronary artery bypass grafting?,LOO,0.9745775342400185,0.8909090909090909,1.0000000000000002,0.7777777777777777,1.0,1.0,0.8,1,1.0,10
64,Is enzastaurin effective treatment of glioblastoma?,ContextCite32,0.998851168159849,0.8424242424242423,0.9969996677520664,0.6444444444444444,1.0,0.6666666666666666,0.8,1,1.0,10
64,Is enzastaurin effective treatment of glioblastoma?,KernelShap32,0.9947223109117911,0.9030303030303028,0.9975778008106393,0.7777777777777777,1.0,0.6666666666666666,0.8,1,1.0,10
64,Is enzastaurin effective treatment of glioblastoma?,BetaShap (U)32,0.9491432397007799,0.5272727272727272,0.9969996677520664,0.4222222222222222,1.0,0.6666666666666666,0.8,1,1.0,10
64,Is enzastaurin effective treatment of glioblastoma?,TMC32,0.9566233731221429,0.33333333333333326,0.9942362236528227,0.28888888888888886,1.0,0.6666666666666666,0.4,1,1.0,10
64,Is enzastaurin effective treatment of glioblastoma?,ContextCite64,0.9973762045444593,0.7212121212121211,0.9942362236528227,0.6,1.0,0.6666666666666666,0.6,1,1.0,10
64,Is enzastaurin effective treatment of glioblastoma?,KernelShap64,0.9985143136269925,0.9393939393939393,1.0,0.8222222222222221,1.0,1.0,1.0,1,1.0,10
64,Is enzastaurin effective treatment of glioblastoma?,BetaShap (U)64,0.9847377344226774,0.6969696969696969,0.9969996677520664,0.6,1.0,0.6666666666666666,0.8,1,1.0,10
64,Is enzastaurin effective treatment of glioblastoma?,TMC64,0.9944304519226699,0.6363636363636362,0.9942362236528227,0.5111111111111111,1.0,0.6666666666666666,0.8,1,1.0,10
64,Is enzastaurin effective treatment of glioblastoma?,ContextCite100,0.9982636617119586,0.7939393939393938,0.9942362236528227,0.6444444444444444,1.0,0.6666666666666666,0.6,1,1.0,10
64,Is enzastaurin effective treatment of glioblastoma?,KernelShap100,0.9989292543250169,0.9393939393939393,1.0,0.8222222222222221,1.0,1.0,1.0,1,1.0,10
64,Is enzastaurin effective treatment of glioblastoma?,BetaShap (U)100,0.9341790178082898,0.6121212121212121,0.9969996677520664,0.5111111111111111,1.0,0.6666666666666666,0.6,1,1.0,10
64,Is enzastaurin effective treatment of glioblastoma?,TMC100,0.9968902897727645,0.6,0.9969996677520664,0.5111111111111111,1.0,0.6666666666666666,0.6,1,1.0,10
64,Is enzastaurin effective treatment of glioblastoma?,LOO,0.9904728659980895,0.6484848484848483,0.9975778008106393,0.5555555555555555,1.0,0.6666666666666666,0.8,1,1.0,10
65,Have microRNAs been implicated in pharmacogenomics? ,ContextCite32,0.9997570368336917,0.8909090909090909,1.0,0.7777777777777777,1.0,1.0,0.8,1,1.0,10
65,Have microRNAs been implicated in pharmacogenomics? ,KernelShap32,0.9998134479409956,0.8787878787878788,0.9981930060513925,0.7333333333333333,1.0,0.6666666666666666,0.8,1,1.0,10
65,Have microRNAs been implicated in pharmacogenomics? ,BetaShap (U)32,0.9986447863910226,0.7575757575757575,0.9993605726561522,0.6444444444444444,1.0,0.6666666666666666,0.8,1,1.0,10
65,Have microRNAs been implicated in pharmacogenomics? ,TMC32,0.9995987477636212,0.7454545454545454,0.9993605726561522,0.6,1.0,0.6666666666666666,0.8,1,1.0,10
65,Have microRNAs been implicated in pharmacogenomics? ,ContextCite64,0.999846830327216,0.7696969696969697,0.9975772322027813,0.6444444444444444,1.0,0.6666666666666666,0.6,1,1.0,10
65,Have microRNAs been implicated in pharmacogenomics? ,KernelShap64,0.9999458302579274,0.9515151515151514,0.9993605726561522,0.8666666666666666,1.0,0.6666666666666666,0.8,1,1.0,10
65,Have microRNAs been implicated in pharmacogenomics? ,BetaShap (U)64,0.998595269322258,0.9757575757575757,1.0,0.911111111111111,1.0,1.0,1.0,1,1.0,10
65,Have microRNAs been implicated in pharmacogenomics? ,TMC64,0.9999327124465736,0.9515151515151514,0.9996062699236984,0.8666666666666666,1.0,0.6666666666666666,0.8,1,1.0,10
65,Have microRNAs been implicated in pharmacogenomics? ,ContextCite100,0.9998915911997306,0.8181818181818182,0.99733032070225,0.6888888888888888,1.0,0.6666666666666666,0.8,1,1.0,10
65,Have microRNAs been implicated in pharmacogenomics? ,KernelShap100,0.9999420835817692,0.9515151515151514,0.9996062699236984,0.8666666666666666,1.0,0.6666666666666666,1.0,1,1.0,10
65,Have microRNAs been implicated in pharmacogenomics? ,BetaShap (U)100,0.99852695443928,0.7939393939393938,0.9989191257303836,0.6888888888888888,1.0,0.6666666666666666,0.8,1,1.0,10
65,Have microRNAs been implicated in pharmacogenomics? ,TMC100,0.9999809981244899,0.9272727272727272,1.0,0.8222222222222221,1.0,1.0,0.8,1,1.0,10
65,Have microRNAs been implicated in pharmacogenomics? ,LOO,0.9996915517703189,0.5393939393939393,0.99733032070225,0.37777777777777777,1.0,0.6666666666666666,0.4,1,1.0,10
66,Are piRNAs involved in gene silencing?,ContextCite32,0.9994715084551284,0.9030303030303028,0.9967330409427791,0.7777777777777777,1.0,1.0,1.0,1,1.0,10
66,Are piRNAs involved in gene silencing?,KernelShap32,0.9985559932600723,0.9151515151515152,1.0000000000000002,0.8222222222222221,1.0,1.0,1.0,1,1.0,10
66,Are piRNAs involved in gene silencing?,BetaShap (U)32,0.9429108616520453,0.8060606060606059,1.0000000000000002,0.6444444444444444,1.0,1.0,1.0,1,1.0,10
66,Are piRNAs involved in gene silencing?,TMC32,0.9952837315263504,0.8303030303030302,1.0000000000000002,0.6888888888888888,1.0,1.0,1.0,1,1.0,10
66,Are piRNAs involved in gene silencing?,ContextCite64,0.9989024005266955,0.9636363636363635,1.0000000000000002,0.911111111111111,1.0,1.0,1.0,1,1.0,10
66,Are piRNAs involved in gene silencing?,KernelShap64,0.9994797657778456,0.9393939393939393,1.0000000000000002,0.8222222222222221,1.0,1.0,1.0,1,1.0,10
66,Are piRNAs involved in gene silencing?,BetaShap (U)64,0.9473445334353846,0.7818181818181817,1.0000000000000002,0.6444444444444444,1.0,1.0,0.8,1,1.0,10
66,Are piRNAs involved in gene silencing?,TMC64,0.9968947522019879,0.8545454545454544,1.0000000000000002,0.7333333333333333,1.0,1.0,1.0,1,1.0,10
66,Are piRNAs involved in gene silencing?,ContextCite100,0.999151258076307,0.9515151515151514,1.0000000000000002,0.8666666666666666,1.0,1.0,1.0,1,1.0,10
66,Are piRNAs involved in gene silencing?,KernelShap100,0.9996799293127627,0.9757575757575757,1.0000000000000002,0.911111111111111,1.0,1.0,1.0,1,1.0,10
66,Are piRNAs involved in gene silencing?,BetaShap (U)100,0.9661918106660666,0.8909090909090909,1.0000000000000002,0.7777777777777777,1.0,1.0,1.0,1,1.0,10
66,Are piRNAs involved in gene silencing?,TMC100,0.9989565103237115,0.7939393939393938,1.0000000000000002,0.6444444444444444,1.0,1.0,1.0,1,1.0,10
66,Are piRNAs involved in gene silencing?,LOO,0.9952205097061817,0.7454545454545454,0.9905359197300446,0.5111111111111111,1.0,0.6666666666666666,1.0,1,1.0,10
67,Is methotrexate used for the treatment of Rheumatoid Arthritis (RA)?,ContextCite32,0.9877097624896684,0.9151515151515152,0.985965708264704,0.8222222222222221,1.0,0.6666666666666666,1.0,1,1.0,10
67,Is methotrexate used for the treatment of Rheumatoid Arthritis (RA)?,KernelShap32,0.9970942272105624,0.9030303030303028,0.995387884737758,0.7777777777777777,1.0,1.0,1.0,1,1.0,10
67,Is methotrexate used for the treatment of Rheumatoid Arthritis (RA)?,BetaShap (U)32,0.9637158526617353,0.41818181818181815,0.9635774635961574,0.3333333333333333,1.0,0.6666666666666666,0.6,1,1.0,10
67,Is methotrexate used for the treatment of Rheumatoid Arthritis (RA)?,TMC32,0.9926363011349596,0.5757575757575757,0.9635774635961574,0.4666666666666666,1.0,0.6666666666666666,0.6,1,1.0,10
67,Is methotrexate used for the treatment of Rheumatoid Arthritis (RA)?,ContextCite64,0.9949827011060098,0.9636363636363635,0.985965708264704,0.8666666666666666,1.0,0.6666666666666666,1.0,1,1.0,10
67,Is methotrexate used for the treatment of Rheumatoid Arthritis (RA)?,KernelShap64,0.9989866935914953,0.8909090909090909,1.0,0.7777777777777777,1.0,1.0,1.0,1,1.0,10
67,Is methotrexate used for the treatment of Rheumatoid Arthritis (RA)?,BetaShap (U)64,0.9537960350502144,0.09090909090909088,0.962994160682915,-0.022222222222222223,1.0,0.6666666666666666,0.4,1,1.0,10
67,Is methotrexate used for the treatment of Rheumatoid Arthritis (RA)?,TMC64,0.9937264673628011,0.5515151515151515,0.995387884737758,0.4666666666666666,1.0,1.0,0.6,1,1.0,10
67,Is methotrexate used for the treatment of Rheumatoid Arthritis (RA)?,ContextCite100,0.9987247163932933,0.9999999999999999,1.0,0.9999999999999999,1.0,1.0,1.0,1,1.0,10
67,Is methotrexate used for the treatment of Rheumatoid Arthritis (RA)?,KernelShap100,0.9986812376849086,0.9393939393939393,1.0,0.8666666666666666,1.0,1.0,1.0,1,1.0,10
67,Is methotrexate used for the treatment of Rheumatoid Arthritis (RA)?,BetaShap (U)100,0.9748535353544753,0.5757575757575757,0.962994160682915,0.5111111111111111,1.0,0.6666666666666666,0.6,1,1.0,10
67,Is methotrexate used for the treatment of Rheumatoid Arthritis (RA)?,TMC100,0.9976442809618354,0.8060606060606059,1.0,0.6888888888888888,1.0,1.0,0.8,1,1.0,10
67,Is methotrexate used for the treatment of Rheumatoid Arthritis (RA)?,LOO,0.9922207433712208,0.4666666666666666,0.995387884737758,0.28888888888888886,1.0,1.0,0.6,1,1.0,10
68,Which cells express CIDEC protein in humans?,ContextCite32,0.965754692184286,0.8666666666666665,0.9803817264600104,0.7333333333333333,1.0,0.6666666666666666,1.0,1,1.0,10
68,Which cells express CIDEC protein in humans?,KernelShap32,0.988701137416316,0.8666666666666665,1.0,0.7777777777777777,1.0,1.0,0.8,1,1.0,10
68,Which cells express CIDEC protein in humans?,BetaShap (U)32,0.8896841326947955,0.6,0.9210930026573466,0.4222222222222222,1.0,0.6666666666666666,0.8,1,1.0,10
68,Which cells express CIDEC protein in humans?,TMC32,0.9783579330067165,0.8787878787878788,0.9824831665771373,0.7333333333333333,1.0,0.6666666666666666,1.0,1,1.0,10
68,Which cells express CIDEC protein in humans?,ContextCite64,0.9819440004463788,0.9393939393939393,0.9969235827311456,0.8222222222222221,1.0,0.6666666666666666,1.0,1,1.0,10
68,Which cells express CIDEC protein in humans?,KernelShap64,0.9960452733822076,0.9878787878787878,1.0,0.9555555555555554,1.0,1.0,1.0,1,1.0,10
68,Which cells express CIDEC protein in humans?,BetaShap (U)64,0.8601851589349758,0.6848484848484848,0.8929654835239335,0.5555555555555555,1.0,0.6666666666666666,0.8,1,1.0,10
68,Which cells express CIDEC protein in humans?,TMC64,0.9700553183521953,0.9030303030303028,0.9824831665771373,0.7777777777777777,1.0,0.6666666666666666,0.8,1,1.0,10
68,Which cells express CIDEC protein in humans?,ContextCite100,0.9877678273789074,0.9636363636363635,0.9969235827311456,0.8666666666666666,1.0,0.6666666666666666,1.0,1,1.0,10
68,Which cells express CIDEC protein in humans?,KernelShap100,0.9974383350851149,0.9878787878787878,0.9969235827311456,0.9555555555555554,1.0,0.6666666666666666,1.0,1,1.0,10
68,Which cells express CIDEC protein in humans?,BetaShap (U)100,0.8577069786285112,0.7333333333333332,0.8906122924858638,0.6,1.0,0.6666666666666666,0.6,1,1.0,10
68,Which cells express CIDEC protein in humans?,TMC100,0.9900681237698585,0.9030303030303028,0.9824831665771373,0.7777777777777777,1.0,0.6666666666666666,0.8,1,1.0,10
68,Which cells express CIDEC protein in humans?,LOO,0.9759312580869628,0.8909090909090909,0.9621599500489751,0.7777777777777777,1.0,0.6666666666666666,1.0,1,1.0,10
69,Which are the problems associated with the use of PD-L1 as immunotherapy biomarker?,ContextCite32,0.9992344685509511,0.7454545454545454,1.0,0.6,1.0,1.0,0.6,1,1.0,10
69,Which are the problems associated with the use of PD-L1 as immunotherapy biomarker?,KernelShap32,0.9995913758654447,0.9030303030303028,0.9893073673163165,0.7777777777777777,1.0,0.6666666666666666,0.8,1,1.0,10
69,Which are the problems associated with the use of PD-L1 as immunotherapy biomarker?,BetaShap (U)32,0.9945357719363777,0.6969696969696969,0.9758884701512519,0.5111111111111111,1.0,0.3333333333333333,0.8,1,1.0,10
69,Which are the problems associated with the use of PD-L1 as immunotherapy biomarker?,TMC32,0.9977786148095937,0.5515151515151515,0.9810479962699663,0.4666666666666666,1.0,0.6666666666666666,0.8,1,1.0,10
69,Which are the problems associated with the use of PD-L1 as immunotherapy biomarker?,ContextCite64,0.999411155240602,0.6969696969696969,0.9902760033678238,0.5111111111111111,1.0,0.6666666666666666,0.6,1,1.0,10
69,Which are the problems associated with the use of PD-L1 as immunotherapy biomarker?,KernelShap64,0.9993654327521627,0.7939393939393938,0.9903004884103211,0.6444444444444444,1.0,0.6666666666666666,0.8,1,1.0,10
69,Which are the problems associated with the use of PD-L1 as immunotherapy biomarker?,BetaShap (U)64,0.9925876314519523,0.709090909090909,0.9790270110998457,0.5555555555555555,1.0,0.3333333333333333,0.8,1,1.0,10
69,Which are the problems associated with the use of PD-L1 as immunotherapy biomarker?,TMC64,0.9991039862026736,0.7333333333333332,0.9920591016990875,0.6,1.0,0.6666666666666666,0.8,1,1.0,10
69,Which are the problems associated with the use of PD-L1 as immunotherapy biomarker?,ContextCite100,0.9996570026474821,0.9030303030303028,1.0,0.7777777777777777,1.0,1.0,0.8,1,1.0,10
69,Which are the problems associated with the use of PD-L1 as immunotherapy biomarker?,KernelShap100,0.999353521866104,0.7939393939393938,0.9903004884103211,0.6444444444444444,1.0,0.6666666666666666,0.8,1,1.0,10
69,Which are the problems associated with the use of PD-L1 as immunotherapy biomarker?,BetaShap (U)100,0.9914180203635938,0.6363636363636362,0.9893073673163165,0.4666666666666666,1.0,0.6666666666666666,0.8,1,1.0,10
69,Which are the problems associated with the use of PD-L1 as immunotherapy biomarker?,TMC100,0.9996290856272255,0.9272727272727272,0.9996350547692159,0.7777777777777777,1.0,1.0,1.0,1,1.0,10
69,Which are the problems associated with the use of PD-L1 as immunotherapy biomarker?,LOO,0.9989632142054135,0.5757575757575757,0.9904357274850344,0.4666666666666666,1.0,0.6666666666666666,0.6,1,1.0,10
70,Is tirilazad effective for treatment of aneurysmal subarachnoid haemorrhage?,ContextCite32,0.8959768978251023,0.8303030303030302,1.0000000000000002,0.6888888888888888,1.0,1.0,0.6,1,1.0,10
70,Is tirilazad effective for treatment of aneurysmal subarachnoid haemorrhage?,KernelShap32,0.9072710133870721,0.8303030303030302,0.8984923104942398,0.6888888888888888,1.0,0.6666666666666666,0.8,1,1.0,10
70,Is tirilazad effective for treatment of aneurysmal subarachnoid haemorrhage?,BetaShap (U)32,0.7138982825134085,0.7333333333333332,0.8884641203400212,0.6,1.0,0.3333333333333333,0.8,1,1.0,10
70,Is tirilazad effective for treatment of aneurysmal subarachnoid haemorrhage?,TMC32,0.6706903216041324,0.5878787878787878,0.8734996664862267,0.4666666666666666,1.0,0.3333333333333333,0.6,1,1.0,10
70,Is tirilazad effective for treatment of aneurysmal subarachnoid haemorrhage?,ContextCite64,0.9296949979673234,0.9272727272727272,1.0000000000000002,0.8222222222222221,1.0,1.0,0.8,1,1.0,10
70,Is tirilazad effective for treatment of aneurysmal subarachnoid haemorrhage?,KernelShap64,0.9145778554923235,0.9030303030303028,0.9256077361129125,0.7777777777777777,1.0,0.6666666666666666,0.8,1,1.0,10
70,Is tirilazad effective for treatment of aneurysmal subarachnoid haemorrhage?,BetaShap (U)64,0.5715582896642148,0.6363636363636362,0.6247955579504203,0.4666666666666666,0.0,0.3333333333333333,0.8,1,1.0,10
70,Is tirilazad effective for treatment of aneurysmal subarachnoid haemorrhage?,TMC64,0.8294977194908069,0.8545454545454544,0.9478919303733144,0.7333333333333333,1.0,0.6666666666666666,0.8,1,1.0,10
70,Is tirilazad effective for treatment of aneurysmal subarachnoid haemorrhage?,ContextCite100,0.9237520429070504,0.9393939393939393,0.9878625854460008,0.8222222222222221,1.0,0.6666666666666666,0.8,1,1.0,10
70,Is tirilazad effective for treatment of aneurysmal subarachnoid haemorrhage?,KernelShap100,0.9234247494862919,0.9151515151515152,0.9256077361129125,0.8222222222222221,1.0,0.6666666666666666,0.8,1,1.0,10
70,Is tirilazad effective for treatment of aneurysmal subarachnoid haemorrhage?,BetaShap (U)100,0.5423199029224592,0.3696969696969697,0.5994088392073234,0.24444444444444444,0.0,0.3333333333333333,0.6,1,1.0,10
70,Is tirilazad effective for treatment of aneurysmal subarachnoid haemorrhage?,TMC100,0.850995241254545,0.8424242424242423,0.8734996664862267,0.6888888888888888,1.0,0.3333333333333333,0.8,1,1.0,10
70,Is tirilazad effective for treatment of aneurysmal subarachnoid haemorrhage?,LOO,0.9052073553385267,0.9515151515151514,0.9923648959380459,0.8666666666666666,1.0,1.0,1.0,1,1.0,10
71,Which animal bite can cause Capnocytophaga canimorsus infection?,ContextCite32,0.7714534852753234,0.709090909090909,1.0,0.5555555555555555,1.0,1.0,0.8,1,1.0,10
71,Which animal bite can cause Capnocytophaga canimorsus infection?,KernelShap32,0.8494366978925314,0.8666666666666665,0.9683979289868708,0.7333333333333333,0.0,1.0,0.8,1,1.0,10
71,Which animal bite can cause Capnocytophaga canimorsus infection?,BetaShap (U)32,0.6915158781147035,0.709090909090909,0.8637131245536999,0.5111111111111111,0.0,0.6666666666666666,0.8,1,1.0,10
71,Which animal bite can cause Capnocytophaga canimorsus infection?,TMC32,0.7647731393485614,0.7454545454545454,0.8926492693283874,0.5555555555555555,0.0,0.6666666666666666,1.0,1,1.0,10
71,Which animal bite can cause Capnocytophaga canimorsus infection?,ContextCite64,0.8942924555756729,0.8666666666666665,0.997889624982828,0.7777777777777777,1.0,1.0,0.8,1,1.0,10
71,Which animal bite can cause Capnocytophaga canimorsus infection?,KernelShap64,0.9689061687139825,0.9757575757575757,1.0,0.911111111111111,1.0,1.0,0.8,1,1.0,10
71,Which animal bite can cause Capnocytophaga canimorsus infection?,BetaShap (U)64,0.6716488829753241,0.6363636363636362,0.8637131245536999,0.4666666666666666,0.0,0.6666666666666666,0.8,1,1.0,10
71,Which animal bite can cause Capnocytophaga canimorsus infection?,TMC64,0.8656231854288648,0.8181818181818182,0.8926492693283874,0.6,0.0,0.6666666666666666,0.8,1,1.0,10
71,Which animal bite can cause Capnocytophaga canimorsus infection?,ContextCite100,0.8773225857794043,0.8060606060606059,0.997889624982828,0.7333333333333333,1.0,1.0,0.8,1,1.0,10
71,Which animal bite can cause Capnocytophaga canimorsus infection?,KernelShap100,0.9542806301927871,0.8909090909090909,0.9683979289868708,0.7777777777777777,0.0,1.0,0.8,1,1.0,10
71,Which animal bite can cause Capnocytophaga canimorsus infection?,BetaShap (U)100,0.8233878913007864,0.8424242424242423,0.9302001533988884,0.7333333333333333,1.0,0.6666666666666666,0.8,1,1.0,10
71,Which animal bite can cause Capnocytophaga canimorsus infection?,TMC100,0.898772130146182,0.9151515151515152,0.9302001533988884,0.7777777777777777,1.0,0.6666666666666666,0.8,1,1.0,10
71,Which animal bite can cause Capnocytophaga canimorsus infection?,LOO,0.5995406137276362,0.41818181818181815,0.7568342421231865,0.28888888888888886,1.0,0.6666666666666666,0.8,1,1.0,10
72,Does RNA polymerase II have RNA cleavage activity?,ContextCite32,0.9965486701844213,0.8303030303030302,0.9885462419849742,0.6888888888888888,1.0,0.6666666666666666,0.8,1,1.0,10
72,Does RNA polymerase II have RNA cleavage activity?,KernelShap32,0.9975217598382196,0.9515151515151514,1.0,0.8666666666666666,1.0,1.0,1.0,1,1.0,10
72,Does RNA polymerase II have RNA cleavage activity?,BetaShap (U)32,0.9905826193600991,0.7696969696969697,0.9885462419849742,0.6444444444444444,1.0,0.6666666666666666,0.8,1,1.0,10
72,Does RNA polymerase II have RNA cleavage activity?,TMC32,0.9928093209718707,0.5272727272727272,0.9885462419849742,0.4222222222222222,1.0,0.6666666666666666,0.6,1,1.0,10
72,Does RNA polymerase II have RNA cleavage activity?,ContextCite64,0.9982678021559066,0.8787878787878788,1.0,0.7333333333333333,1.0,1.0,1.0,1,1.0,10
72,Does RNA polymerase II have RNA cleavage activity?,KernelShap64,0.9989660470142578,0.9393939393939393,1.0,0.8222222222222221,1.0,1.0,1.0,1,1.0,10
72,Does RNA polymerase II have RNA cleavage activity?,BetaShap (U)64,0.9740357318055487,0.6363636363636362,0.9774666448249649,0.5111111111111111,1.0,0.6666666666666666,0.6,1,1.0,10
72,Does RNA polymerase II have RNA cleavage activity?,TMC64,0.9938771821300144,0.7333333333333332,0.9774666448249649,0.6,1.0,0.6666666666666666,0.6,1,1.0,10
72,Does RNA polymerase II have RNA cleavage activity?,ContextCite100,0.9983236480048872,0.8545454545454544,0.9885462419849742,0.6888888888888888,1.0,0.6666666666666666,1.0,1,1.0,10
72,Does RNA polymerase II have RNA cleavage activity?,KernelShap100,0.9993697858466466,0.9393939393939393,1.0,0.8222222222222221,1.0,1.0,1.0,1,1.0,10
72,Does RNA polymerase II have RNA cleavage activity?,BetaShap (U)100,0.9412056676538703,0.8424242424242423,1.0,0.7333333333333333,1.0,1.0,0.8,1,1.0,10
72,Does RNA polymerase II have RNA cleavage activity?,TMC100,0.9985114272405189,0.9878787878787878,1.0,0.9555555555555554,1.0,1.0,1.0,1,1.0,10
72,Does RNA polymerase II have RNA cleavage activity?,LOO,0.992597385960216,0.5878787878787878,0.991459962110061,0.4666666666666666,1.0,0.6666666666666666,0.6,1,1.0,10
73,What is Trypan blue used for?,ContextCite32,0.7976243148717673,0.7333333333333332,0.8799163167539577,0.6,1.0,0.6666666666666666,0.6,1,1.0,10
73,What is Trypan blue used for?,KernelShap32,0.7024570540695374,0.6484848484848483,1.0000000000000002,0.5555555555555555,1.0,1.0,0.6,1,1.0,10
73,What is Trypan blue used for?,BetaShap (U)32,0.5163490280974982,0.7939393939393938,0.7919496154231597,0.6,1.0,0.3333333333333333,1.0,1,1.0,10
73,What is Trypan blue used for?,TMC32,0.6807384710184758,0.7939393939393938,0.7919496154231597,0.6,1.0,0.3333333333333333,1.0,1,1.0,10
73,What is Trypan blue used for?,ContextCite64,0.6759350205618382,0.5151515151515151,0.7799821012728245,0.4222222222222222,1.0,0.6666666666666666,0.6,1,1.0,10
73,What is Trypan blue used for?,KernelShap64,0.8392699891242787,0.8545454545454544,0.9999498130706138,0.7333333333333333,1.0,1.0,1.0,1,1.0,10
73,What is Trypan blue used for?,BetaShap (U)64,0.7425958416568781,0.8787878787878788,0.9277512736192373,0.7333333333333333,1.0,0.6666666666666666,1.0,1,1.0,10
73,What is Trypan blue used for?,TMC64,0.878440541745219,0.9030303030303028,0.9277512736192373,0.7777777777777777,1.0,0.6666666666666666,1.0,1,1.0,10
73,What is Trypan blue used for?,ContextCite100,0.8384070315091234,0.6848484848484848,1.0000000000000002,0.5555555555555555,1.0,1.0,0.6,1,1.0,10
73,What is Trypan blue used for?,KernelShap100,0.8691261421264657,0.8666666666666665,0.9770405954936183,0.7333333333333333,0.0,1.0,1.0,1,1.0,10
73,What is Trypan blue used for?,BetaShap (U)100,0.9191326222985408,0.9636363636363635,1.0000000000000002,0.911111111111111,1.0,1.0,1.0,1,1.0,10
73,What is Trypan blue used for?,TMC100,0.9319145123455475,0.9636363636363635,0.9770405954936183,0.911111111111111,0.0,1.0,1.0,1,1.0,10
73,What is Trypan blue used for?,LOO,0.685544595623108,0.3939393939393939,0.968963608149552,0.15555555555555553,0.0,1.0,0.6,1,1.0,10
74,Is there any genetic determinant of hair pigmentation that could be useful in forensic analyses?,ContextCite32,0.9890934905194189,0.6261427099904665,0.9916195954300775,0.49441323247304414,1.0,0.6666666666666666,0.8,1,1.0,10
74,Is there any genetic determinant of hair pigmentation that could be useful in forensic analyses?,KernelShap32,0.9960903631944826,0.8753839828992931,0.9916195954300775,0.7191465199607915,1.0,0.6666666666666666,0.8,1,1.0,10
74,Is there any genetic determinant of hair pigmentation that could be useful in forensic analyses?,BetaShap (U)32,0.9737478657924108,0.5288778230016562,0.9916195954300775,0.40451991747794525,1.0,0.6666666666666666,0.8,1,1.0,10
74,Is there any genetic determinant of hair pigmentation that could be useful in forensic analyses?,TMC32,0.9922573115426387,0.790277206784084,0.9916195954300775,0.5843065474681431,1.0,0.6666666666666666,0.8,1,1.0,10
74,Is there any genetic determinant of hair pigmentation that could be useful in forensic analyses?,ContextCite64,0.9960323666683824,0.8267515394048879,0.9916195954300775,0.6292532049656926,1.0,0.6666666666666666,0.8,1,1.0,10
74,Is there any genetic determinant of hair pigmentation that could be useful in forensic analyses?,KernelShap64,0.9988281688589415,0.9483326481409007,0.9916195954300775,0.8539864924534399,1.0,0.6666666666666666,1.0,1,1.0,10
74,Is there any genetic determinant of hair pigmentation that could be useful in forensic analyses?,BetaShap (U)64,0.9546933232083683,0.23708316203522517,0.9759030761602814,0.17978662999019787,1.0,0.6666666666666666,0.4,1,1.0,10
74,Is there any genetic determinant of hair pigmentation that could be useful in forensic analyses?,TMC64,0.9868074627625456,0.7477238187264794,0.9818618561772888,0.5843065474681431,1.0,0.6666666666666666,0.8,1,1.0,10
74,Is there any genetic determinant of hair pigmentation that could be useful in forensic analyses?,ContextCite100,0.9949521394884976,0.8024353176576853,1.0,0.6741998624632421,1.0,1.0,0.8,1,1.0,10
74,Is there any genetic determinant of hair pigmentation that could be useful in forensic analyses?,KernelShap100,0.9983610469709151,0.960490759014502,0.9916195954300775,0.8989331499509894,1.0,0.6666666666666666,1.0,1,1.0,10
74,Is there any genetic determinant of hair pigmentation that could be useful in forensic analyses?,BetaShap (U)100,0.9371459571638792,0.14589733048321551,0.9795369208410198,0.08989331499509894,1.0,0.6666666666666666,0.4,1,1.0,10
74,Is there any genetic determinant of hair pigmentation that could be useful in forensic analyses?,TMC100,0.9964370945919919,0.7963562622208846,1.0,0.6292532049656926,1.0,1.0,0.8,1,1.0,10
74,Is there any genetic determinant of hair pigmentation that could be useful in forensic analyses?,LOO,0.9925839323196681,0.9634146341463414,1.0,0.9090909090909091,1.0,1.0,0.8,1,1.0,10
75,What is the lay name of the treatment for CCSVI (chronic cerebro-spinal venous insufficiency)  in multiple sclerosis.,ContextCite32,0.9356084398099385,0.7939393939393938,1.0000000000000002,0.6888888888888888,1.0,1.0,0.8,1,1.0,10
75,What is the lay name of the treatment for CCSVI (chronic cerebro-spinal venous insufficiency)  in multiple sclerosis.,KernelShap32,0.9276108687413438,0.8424242424242423,1.0000000000000002,0.7333333333333333,1.0,1.0,0.8,1,1.0,10
75,What is the lay name of the treatment for CCSVI (chronic cerebro-spinal venous insufficiency)  in multiple sclerosis.,BetaShap (U)32,0.7043790508168115,0.8424242424242423,0.8040659336106916,0.6444444444444444,0.0,0.6666666666666666,1.0,1,1.0,10
75,What is the lay name of the treatment for CCSVI (chronic cerebro-spinal venous insufficiency)  in multiple sclerosis.,TMC32,0.8969372015444617,0.8666666666666665,0.8668464305936702,0.7333333333333333,1.0,0.6666666666666666,1.0,1,1.0,10
75,What is the lay name of the treatment for CCSVI (chronic cerebro-spinal venous insufficiency)  in multiple sclerosis.,ContextCite64,0.9792433515914483,0.9393939393939393,1.0000000000000002,0.8222222222222221,1.0,1.0,0.8,1,1.0,10
75,What is the lay name of the treatment for CCSVI (chronic cerebro-spinal venous insufficiency)  in multiple sclerosis.,KernelShap64,0.9281662224118732,0.7333333333333332,1.0000000000000002,0.6,1.0,1.0,0.8,1,1.0,10
75,What is the lay name of the treatment for CCSVI (chronic cerebro-spinal venous insufficiency)  in multiple sclerosis.,BetaShap (U)64,0.8438070815723947,0.9272727272727272,0.9372195030170216,0.7777777777777777,0.0,1.0,0.8,1,1.0,10
75,What is the lay name of the treatment for CCSVI (chronic cerebro-spinal venous insufficiency)  in multiple sclerosis.,TMC64,0.982640293470739,0.9636363636363635,1.0000000000000002,0.911111111111111,1.0,1.0,0.8,1,1.0,10
75,What is the lay name of the treatment for CCSVI (chronic cerebro-spinal venous insufficiency)  in multiple sclerosis.,ContextCite100,0.9817136178138652,0.9636363636363635,1.0000000000000002,0.911111111111111,1.0,1.0,1.0,1,1.0,10
75,What is the lay name of the treatment for CCSVI (chronic cerebro-spinal venous insufficiency)  in multiple sclerosis.,KernelShap100,0.9759107834426256,0.9393939393939393,1.0000000000000002,0.8222222222222221,1.0,1.0,1.0,1,1.0,10
75,What is the lay name of the treatment for CCSVI (chronic cerebro-spinal venous insufficiency)  in multiple sclerosis.,BetaShap (U)100,0.8322983278418741,0.7575757575757575,0.7961189562742483,0.5555555555555555,0.0,0.6666666666666666,0.8,1,1.0,10
75,What is the lay name of the treatment for CCSVI (chronic cerebro-spinal venous insufficiency)  in multiple sclerosis.,TMC100,0.9807887769950022,0.9757575757575757,1.0000000000000002,0.911111111111111,1.0,1.0,1.0,1,1.0,10
75,What is the lay name of the treatment for CCSVI (chronic cerebro-spinal venous insufficiency)  in multiple sclerosis.,LOO,0.8268772671142949,0.7333333333333332,0.8319626948864937,0.6,1.0,0.6666666666666666,0.8,1,1.0,10
76,Is phospholamban a regulatory/inhibitory protein of the Ca ATPase SERCA?,ContextCite32,0.795487688796083,0.6606060606060605,0.7476347916199895,0.5111111111111111,1.0,0.3333333333333333,0.6,1,1.0,10
76,Is phospholamban a regulatory/inhibitory protein of the Ca ATPase SERCA?,KernelShap32,0.8687627642792866,0.5757575757575757,0.9334979408211729,0.4222222222222222,0.0,0.6666666666666666,0.6,1,1.0,10
76,Is phospholamban a regulatory/inhibitory protein of the Ca ATPase SERCA?,BetaShap (U)32,0.7588861260321205,0.7333333333333332,0.9863678917618631,0.5111111111111111,0.0,0.6666666666666666,0.8,1,1.0,10
76,Is phospholamban a regulatory/inhibitory protein of the Ca ATPase SERCA?,TMC32,0.8199620928246178,0.5878787878787878,0.908406680235135,0.4222222222222222,0.0,0.6666666666666666,0.6,1,1.0,10
76,Is phospholamban a regulatory/inhibitory protein of the Ca ATPase SERCA?,ContextCite64,0.9104914263959696,0.7939393939393938,0.9396982194655711,0.6444444444444444,1.0,0.6666666666666666,0.6,1,1.0,10
76,Is phospholamban a regulatory/inhibitory protein of the Ca ATPase SERCA?,KernelShap64,0.8892881390836478,0.6242424242424242,0.9334979408211729,0.4666666666666666,0.0,0.6666666666666666,0.6,1,1.0,10
76,Is phospholamban a regulatory/inhibitory protein of the Ca ATPase SERCA?,BetaShap (U)64,0.679379869031791,0.7696969696969697,0.9925681704062613,0.6,1.0,0.6666666666666666,0.8,1,1.0,10
76,Is phospholamban a regulatory/inhibitory protein of the Ca ATPase SERCA?,TMC64,0.9722494144151884,0.9272727272727272,0.9925681704062613,0.7777777777777777,1.0,0.6666666666666666,0.8,1,1.0,10
76,Is phospholamban a regulatory/inhibitory protein of the Ca ATPase SERCA?,ContextCite100,0.933693154490523,0.7575757575757575,0.9396982194655711,0.5555555555555555,1.0,0.6666666666666666,0.6,1,1.0,10
76,Is phospholamban a regulatory/inhibitory protein of the Ca ATPase SERCA?,KernelShap100,0.9205020408967295,0.7696969696969697,0.9396982194655711,0.6,1.0,0.6666666666666666,0.6,1,1.0,10
76,Is phospholamban a regulatory/inhibitory protein of the Ca ATPase SERCA?,BetaShap (U)100,0.4167723243335288,0.3696969696969697,0.6787869441082671,0.24444444444444444,0.0,0.6666666666666666,0.6,1,1.0,10
76,Is phospholamban a regulatory/inhibitory protein of the Ca ATPase SERCA?,TMC100,0.9691780658030368,0.8787878787878788,0.9863678917618631,0.7333333333333333,0.0,0.6666666666666666,0.8,1,1.0,10
76,Is phospholamban a regulatory/inhibitory protein of the Ca ATPase SERCA?,LOO,0.8825212629429731,0.8666666666666665,0.9925681704062613,0.7333333333333333,1.0,0.6666666666666666,0.8,1,1.0,10
77,Is galcanezumab effective for treatment of migraine?,ContextCite32,0.9949144946177356,0.9151515151515152,0.9688894329206948,0.7777777777777777,1.0,0.6666666666666666,0.8,1,1.0,10
77,Is galcanezumab effective for treatment of migraine?,KernelShap32,0.9794368077339253,0.6,0.9506427106741641,0.4222222222222222,1.0,0.6666666666666666,0.6,1,1.0,10
77,Is galcanezumab effective for treatment of migraine?,BetaShap (U)32,0.9482971513091923,0.6121212121212121,0.9688894329206948,0.4666666666666666,1.0,0.6666666666666666,0.8,1,1.0,10
77,Is galcanezumab effective for treatment of migraine?,TMC32,0.9726285734271234,0.6727272727272726,0.9771788500751407,0.5555555555555555,1.0,0.6666666666666666,0.6,1,1.0,10
77,Is galcanezumab effective for treatment of migraine?,ContextCite64,0.9983385017880572,0.9515151515151514,1.0000000000000002,0.8666666666666666,1.0,1.0,1.0,1,1.0,10
77,Is galcanezumab effective for treatment of migraine?,KernelShap64,0.9947756833200685,0.8424242424242423,1.0000000000000002,0.7333333333333333,1.0,1.0,0.8,1,1.0,10
77,Is galcanezumab effective for treatment of migraine?,BetaShap (U)64,0.9368205329929055,0.8303030303030302,0.9771788500751407,0.6888888888888888,1.0,0.6666666666666666,1.0,1,1.0,10
77,Is galcanezumab effective for treatment of migraine?,TMC64,0.9928333789887508,0.9030303030303028,1.0000000000000002,0.7777777777777777,1.0,1.0,0.8,1,1.0,10
77,Is galcanezumab effective for treatment of migraine?,ContextCite100,0.9970740534100156,0.9515151515151514,1.0000000000000002,0.8666666666666666,1.0,1.0,0.8,1,1.0,10
77,Is galcanezumab effective for treatment of migraine?,KernelShap100,0.9971111203611074,0.9151515151515152,1.0000000000000002,0.8222222222222221,1.0,1.0,1.0,1,1.0,10
77,Is galcanezumab effective for treatment of migraine?,BetaShap (U)100,0.9410612453751093,0.6484848484848483,0.9662298393109986,0.5111111111111111,1.0,0.6666666666666666,0.8,1,1.0,10
77,Is galcanezumab effective for treatment of migraine?,TMC100,0.9935994239971024,0.8787878787878788,1.0000000000000002,0.7333333333333333,1.0,1.0,0.8,1,1.0,10
77,Is galcanezumab effective for treatment of migraine?,LOO,0.9894265015233878,0.8424242424242423,0.9976865179173126,0.6888888888888888,1.0,1.0,0.8,1,1.0,10
78,Which drug can be reversed with idarucizumab?,ContextCite32,0.6777166958682014,0.6079055436800646,0.8839547944755731,0.44946657497549475,0.0,0.6666666666666666,0.6,1,1.0,10
78,Which drug can be reversed with idarucizumab?,KernelShap32,0.4309272088918022,0.35757575757575755,0.8580638720513143,0.19999999999999998,0.0,0.6666666666666666,0.6,1,1.0,10
78,Which drug can be reversed with idarucizumab?,BetaShap (U)32,0.5322623127760502,0.6727272727272726,0.6968527889612384,0.6,0.0,0.6666666666666666,0.8,1,1.0,10
78,Which drug can be reversed with idarucizumab?,TMC32,0.5800663708740244,0.5757575757575757,0.6952171826908367,0.4666666666666666,0.0,0.3333333333333333,0.6,1,1.0,10
78,Which drug can be reversed with idarucizumab?,ContextCite64,0.7174272423519752,0.709090909090909,0.9240331507339348,0.6,1.0,0.6666666666666666,0.6,1,1.0,10
78,Which drug can be reversed with idarucizumab?,KernelShap64,0.5756927295194185,0.709090909090909,0.9318078552538551,0.5111111111111111,1.0,0.6666666666666666,0.8,1,1.0,10
78,Which drug can be reversed with idarucizumab?,BetaShap (U)64,0.5218344106735813,0.5757575757575757,0.7201977620635502,0.4222222222222222,0.0,0.3333333333333333,0.8,1,1.0,10
78,Which drug can be reversed with idarucizumab?,TMC64,0.47534593697822236,0.5151515151515151,0.6584081320238747,0.37777777777777777,0.0,0.3333333333333333,0.6,1,1.0,10
78,Which drug can be reversed with idarucizumab?,ContextCite100,0.8694319604101535,0.8909090909090909,0.9504553967183407,0.7333333333333333,0.0,0.6666666666666666,0.8,1,1.0,10
78,Which drug can be reversed with idarucizumab?,KernelShap100,0.8318290991536748,0.8666666666666665,0.9318078552538551,0.7333333333333333,1.0,0.6666666666666666,0.8,1,1.0,10
78,Which drug can be reversed with idarucizumab?,BetaShap (U)100,0.8678599042324285,0.8181818181818182,0.944586673147965,0.6444444444444444,0.0,0.6666666666666666,0.8,1,1.0,10
78,Which drug can be reversed with idarucizumab?,TMC100,0.6667128086444094,0.8424242424242423,0.8125892867305767,0.6888888888888888,0.0,0.6666666666666666,1.0,1,1.0,10
78,Which drug can be reversed with idarucizumab?,LOO,0.6458500497180714,0.709090909090909,0.7973485856588808,0.5555555555555555,1.0,0.6666666666666666,0.8,1,1.0,10
79,Proteomic analyses have revealed proteins associated with the triple-negative breast cancers. List some proposed proteins.,ContextCite32,0.9977181594799991,0.9151515151515152,1.0,0.8222222222222221,1.0,1.0,1.0,1,1.0,10
79,Proteomic analyses have revealed proteins associated with the triple-negative breast cancers. List some proposed proteins.,KernelShap32,0.9980700184202489,0.9515151515151514,1.0,0.8666666666666666,1.0,1.0,0.8,1,1.0,10
79,Proteomic analyses have revealed proteins associated with the triple-negative breast cancers. List some proposed proteins.,BetaShap (U)32,0.989164580750158,0.7575757575757575,0.9874106811945432,0.6,1.0,1.0,0.8,1,1.0,10
79,Proteomic analyses have revealed proteins associated with the triple-negative breast cancers. List some proposed proteins.,TMC32,0.9943966117190542,0.6121212121212121,1.0,0.4222222222222222,1.0,1.0,0.8,1,1.0,10
79,Proteomic analyses have revealed proteins associated with the triple-negative breast cancers. List some proposed proteins.,ContextCite64,0.9980221077438922,0.9636363636363635,1.0,0.911111111111111,1.0,1.0,1.0,1,1.0,10
79,Proteomic analyses have revealed proteins associated with the triple-negative breast cancers. List some proposed proteins.,KernelShap64,0.999474800631339,0.9878787878787878,1.0,0.9555555555555554,1.0,1.0,1.0,1,1.0,10
79,Proteomic analyses have revealed proteins associated with the triple-negative breast cancers. List some proposed proteins.,BetaShap (U)64,0.9709170358777942,0.8060606060606059,1.0,0.6888888888888888,1.0,1.0,0.8,1,1.0,10
79,Proteomic analyses have revealed proteins associated with the triple-negative breast cancers. List some proposed proteins.,TMC64,0.9956741345129545,0.8060606060606059,1.0,0.6888888888888888,1.0,1.0,0.8,1,1.0,10
79,Proteomic analyses have revealed proteins associated with the triple-negative breast cancers. List some proposed proteins.,ContextCite100,0.9987934229122775,0.9030303030303028,1.0,0.8222222222222221,1.0,1.0,1.0,1,1.0,10
79,Proteomic analyses have revealed proteins associated with the triple-negative breast cancers. List some proposed proteins.,KernelShap100,0.9994309538900732,0.8787878787878788,1.0,0.7333333333333333,1.0,1.0,1.0,1,1.0,10
79,Proteomic analyses have revealed proteins associated with the triple-negative breast cancers. List some proposed proteins.,BetaShap (U)100,0.928683681439863,0.9030303030303028,1.0,0.7777777777777777,1.0,1.0,0.8,1,1.0,10
79,Proteomic analyses have revealed proteins associated with the triple-negative breast cancers. List some proposed proteins.,TMC100,0.9983883288377124,0.9030303030303028,1.0,0.7777777777777777,1.0,1.0,0.8,1,1.0,10
79,Proteomic analyses have revealed proteins associated with the triple-negative breast cancers. List some proposed proteins.,LOO,0.9941610167799946,0.9030303030303028,1.0,0.8222222222222221,1.0,1.0,1.0,1,1.0,10
80,What is Jackhammer esophagus?,ContextCite32,0.9800775794071754,0.8545454545454544,0.9997635066414496,0.7333333333333333,0.0,1.0,1.0,1,1.0,10
80,What is Jackhammer esophagus?,KernelShap32,0.9701933369472452,0.9393939393939393,1.0,0.8666666666666666,1.0,1.0,1.0,1,1.0,10
80,What is Jackhammer esophagus?,BetaShap (U)32,0.6579441206898017,0.406060606060606,0.8061828203652759,0.28888888888888886,0.0,0.6666666666666666,0.6,1,1.0,10
80,What is Jackhammer esophagus?,TMC32,0.708327913952787,0.5151515151515151,0.8061828203652759,0.3333333333333333,0.0,0.6666666666666666,0.8,1,1.0,10
80,What is Jackhammer esophagus?,ContextCite64,0.983072582318711,0.9393939393939393,0.9997635066414496,0.8222222222222221,0.0,1.0,1.0,1,1.0,10
80,What is Jackhammer esophagus?,KernelShap64,0.9667725669909346,0.8060606060606059,1.0,0.6888888888888888,1.0,1.0,1.0,1,1.0,10
80,What is Jackhammer esophagus?,BetaShap (U)64,0.7853855268237353,0.8181818181818182,0.8076140689552709,0.6444444444444444,0.0,0.6666666666666666,0.8,1,1.0,10
80,What is Jackhammer esophagus?,TMC64,0.931134606637248,0.8424242424242423,0.9878064421985576,0.6444444444444444,0.0,1.0,1.0,1,1.0,10
80,What is Jackhammer esophagus?,ContextCite100,0.9849356775623452,0.9272727272727272,0.9997635066414496,0.8222222222222221,0.0,1.0,1.0,1,1.0,10
80,What is Jackhammer esophagus?,KernelShap100,0.966296224352105,0.7818181818181817,1.0,0.6,1.0,1.0,1.0,1,1.0,10
80,What is Jackhammer esophagus?,BetaShap (U)100,0.9347366517242484,0.8909090909090909,0.9544217612974409,0.7333333333333333,0.0,1.0,0.8,1,1.0,10
80,What is Jackhammer esophagus?,TMC100,0.9351330132183208,0.8424242424242423,0.9878064421985576,0.6444444444444444,0.0,1.0,1.0,1,1.0,10
80,What is Jackhammer esophagus?,LOO,0.9287048213234848,0.9515151515151514,0.9997635066414496,0.8666666666666666,0.0,1.0,1.0,1,1.0,10
81,From which tissue was the NCI-H520 cell-line derived?,ContextCite32,0.752235239534568,0.5272727272727272,0.7180115212220533,0.4222222222222222,1.0,0.3333333333333333,0.4,1,1.0,10
81,From which tissue was the NCI-H520 cell-line derived?,KernelShap32,0.614526222398809,0.6727272727272726,0.8358655819459412,0.5555555555555555,1.0,0.6666666666666666,0.6,1,1.0,10
81,From which tissue was the NCI-H520 cell-line derived?,BetaShap (U)32,0.5406291541997424,0.709090909090909,0.8474836416876262,0.5111111111111111,0.0,0.6666666666666666,0.6,1,1.0,10
81,From which tissue was the NCI-H520 cell-line derived?,TMC32,0.7875953952543293,0.7818181818181817,0.8697727607554728,0.6,0.0,0.6666666666666666,0.6,1,1.0,10
81,From which tissue was the NCI-H520 cell-line derived?,ContextCite64,0.6651028879026968,0.6261427099904666,0.8358655819459412,0.4944132324730442,1.0,0.6666666666666666,0.6,1,1.0,10
81,From which tissue was the NCI-H520 cell-line derived?,KernelShap64,0.765946727318708,0.7696969696969697,0.8358655819459412,0.6444444444444444,1.0,0.6666666666666666,0.6,1,1.0,10
81,From which tissue was the NCI-H520 cell-line derived?,BetaShap (U)64,0.8838492673162585,0.8424242424242423,0.723624105419796,0.6888888888888888,0.0,0.6666666666666666,0.8,1,1.0,10
81,From which tissue was the NCI-H520 cell-line derived?,TMC64,0.9213379857052486,0.8181818181818182,0.6740506023022976,0.6888888888888888,0.0,0.6666666666666666,0.8,1,1.0,10
81,From which tissue was the NCI-H520 cell-line derived?,ContextCite100,0.7546217731598972,0.7939393939393938,0.8358655819459412,0.6888888888888888,1.0,0.6666666666666666,0.8,1,1.0,10
81,From which tissue was the NCI-H520 cell-line derived?,KernelShap100,0.8156033015858493,0.8060606060606059,0.8358655819459412,0.7333333333333333,1.0,0.6666666666666666,0.8,1,1.0,10
81,From which tissue was the NCI-H520 cell-line derived?,BetaShap (U)100,0.8905356748969355,0.8060606060606059,0.7403006402899,0.6444444444444444,1.0,0.3333333333333333,0.8,1,1.0,10
81,From which tissue was the NCI-H520 cell-line derived?,TMC100,0.9572708211494665,0.9272727272727272,0.9415573159354791,0.8222222222222221,1.0,0.6666666666666666,0.8,1,1.0,10
81,From which tissue was the NCI-H520 cell-line derived?,LOO,0.48787118374049543,0.28484848484848485,0.6800863419073856,0.24444444444444444,1.0,0.3333333333333333,0.4,1,1.0,10
82,Is there a role of proton beam therapy in medulloblastoma treatment?,ContextCite32,0.9742116145892961,0.6363636363636362,1.0000000000000002,0.5111111111111111,1.0,1.0,0.8,1,1.0,10
82,Is there a role of proton beam therapy in medulloblastoma treatment?,KernelShap32,0.9781747518124555,0.8060606060606059,0.9902944971009063,0.6,0.0,1.0,0.8,1,1.0,10
82,Is there a role of proton beam therapy in medulloblastoma treatment?,BetaShap (U)32,0.8142627743575936,0.6363636363636362,0.9902944971009063,0.4666666666666666,0.0,1.0,0.8,1,1.0,10
82,Is there a role of proton beam therapy in medulloblastoma treatment?,TMC32,0.9706748303582182,0.6727272727272726,0.9902944971009063,0.5111111111111111,0.0,1.0,0.8,1,1.0,10
82,Is there a role of proton beam therapy in medulloblastoma treatment?,ContextCite64,0.9892914557826811,0.8424242424242423,1.0000000000000002,0.7333333333333333,1.0,1.0,0.8,1,1.0,10
82,Is there a role of proton beam therapy in medulloblastoma treatment?,KernelShap64,0.9985973739858248,0.9636363636363635,1.0000000000000002,0.8666666666666666,1.0,1.0,1.0,1,1.0,10
82,Is there a role of proton beam therapy in medulloblastoma treatment?,BetaShap (U)64,0.8255921475834311,0.38181818181818183,0.9902944971009063,0.19999999999999998,0.0,1.0,0.6,1,1.0,10
82,Is there a role of proton beam therapy in medulloblastoma treatment?,TMC64,0.9751889805003218,0.6727272727272726,0.9902944971009063,0.5111111111111111,0.0,1.0,0.8,1,1.0,10
82,Is there a role of proton beam therapy in medulloblastoma treatment?,ContextCite100,0.9939446804087916,0.8909090909090909,1.0000000000000002,0.7777777777777777,1.0,1.0,0.8,1,1.0,10
82,Is there a role of proton beam therapy in medulloblastoma treatment?,KernelShap100,0.9973612906625295,0.9393939393939393,1.0000000000000002,0.8222222222222221,1.0,1.0,0.8,1,1.0,10
82,Is there a role of proton beam therapy in medulloblastoma treatment?,BetaShap (U)100,0.9188393662251286,0.7818181818181817,0.9902944971009063,0.6,0.0,1.0,0.6,1,1.0,10
82,Is there a role of proton beam therapy in medulloblastoma treatment?,TMC100,0.9805816691986604,0.6969696969696969,0.9902944971009063,0.5111111111111111,0.0,1.0,0.8,1,1.0,10
82,Is there a role of proton beam therapy in medulloblastoma treatment?,LOO,0.9958570128670547,0.8303030303030302,1.0000000000000002,0.7333333333333333,1.0,1.0,0.8,1,1.0,10
83,Is cystatin C or cystatin 3 used as a biomarker of kidney function?,ContextCite32,0.5051466188002527,0.5151515151515151,0.8255951382978326,0.4222222222222222,0.0,0.6666666666666666,0.6,1,1.0,10
83,Is cystatin C or cystatin 3 used as a biomarker of kidney function?,KernelShap32,0.7803322975932012,0.5030303030303029,0.9133014249413354,0.37777777777777777,1.0,0.6666666666666666,0.8,1,1.0,10
83,Is cystatin C or cystatin 3 used as a biomarker of kidney function?,BetaShap (U)32,0.09541820583596497,0.29696969696969694,0.6075940183703765,0.24444444444444444,0.0,0.3333333333333333,0.6,1,1.0,10
83,Is cystatin C or cystatin 3 used as a biomarker of kidney function?,TMC32,0.29199632784621904,0.309090909090909,0.6075940183703765,0.28888888888888886,0.0,0.3333333333333333,0.6,1,1.0,10
83,Is cystatin C or cystatin 3 used as a biomarker of kidney function?,ContextCite64,0.8678005109860362,0.8181818181818182,0.9521973620529488,0.6444444444444444,1.0,0.6666666666666666,0.8,1,1.0,10
83,Is cystatin C or cystatin 3 used as a biomarker of kidney function?,KernelShap64,0.8721473214947468,0.6848484848484848,0.8783515361558334,0.5111111111111111,1.0,0.3333333333333333,0.8,1,1.0,10
83,Is cystatin C or cystatin 3 used as a biomarker of kidney function?,BetaShap (U)64,-0.14641863751630588,-0.23636363636363633,0.6342334163472514,-0.1111111111111111,0.0,0.3333333333333333,0.2,1,1.0,10
83,Is cystatin C or cystatin 3 used as a biomarker of kidney function?,TMC64,0.10679127176780398,-0.05454545454545454,0.7424657515784304,-0.06666666666666667,0.0,0.6666666666666666,0.4,1,0.5,10
83,Is cystatin C or cystatin 3 used as a biomarker of kidney function?,ContextCite100,0.8933637987395877,0.7333333333333332,0.9085198585397458,0.5111111111111111,1.0,0.3333333333333333,0.8,1,1.0,10
83,Is cystatin C or cystatin 3 used as a biomarker of kidney function?,KernelShap100,0.9218056580284728,0.8787878787878788,1.0,0.7777777777777777,1.0,1.0,0.8,1,1.0,10
83,Is cystatin C or cystatin 3 used as a biomarker of kidney function?,BetaShap (U)100,0.22582510541386988,0.04242424242424241,0.8714474511048419,0.06666666666666667,1.0,0.3333333333333333,0.4,1,1.0,10
83,Is cystatin C or cystatin 3 used as a biomarker of kidney function?,TMC100,0.34625876954985063,0.006060606060606061,0.768188092936707,-0.022222222222222223,0.0,0.6666666666666666,0.4,1,0.5,10
83,Is cystatin C or cystatin 3 used as a biomarker of kidney function?,LOO,0.7835963647134176,0.5272727272727272,0.9491037539855538,0.4222222222222222,1.0,0.6666666666666666,0.6,1,1.0,10
84,Which two interleukins are inhibited by Ustekinumab?,ContextCite32,0.2575111681058293,0.2606060606060606,0.9365954532581997,0.19999999999999998,1.0,0.6666666666666666,0.4,1,1.0,10
84,Which two interleukins are inhibited by Ustekinumab?,KernelShap32,0.4209406854287343,0.5878787878787878,0.9196400464837765,0.4666666666666666,0.0,0.6666666666666666,0.8,1,1.0,10
84,Which two interleukins are inhibited by Ustekinumab?,BetaShap (U)32,-0.354933206916609,-0.10303030303030303,0.8123251096166029,-0.06666666666666667,0.0,0.0,0.6,1,1.0,10
84,Which two interleukins are inhibited by Ustekinumab?,TMC32,-0.20760968384038325,0.11515151515151514,0.8012363625156886,0.1111111111111111,0.0,0.0,0.6,1,0.5,10
84,Which two interleukins are inhibited by Ustekinumab?,ContextCite64,0.2801989193644152,0.38181818181818183,0.9509804982066766,0.28888888888888886,1.0,0.6666666666666666,0.6,1,1.0,10
84,Which two interleukins are inhibited by Ustekinumab?,KernelShap64,0.5960627186001966,0.4666666666666666,0.9619670298954457,0.3333333333333333,1.0,0.6666666666666666,0.4,1,1.0,10
84,Which two interleukins are inhibited by Ustekinumab?,BetaShap (U)64,-0.4486947690104909,-0.33333333333333326,0.8342156120493428,-0.15555555555555553,0.0,0.0,0.4,1,1.0,10
84,Which two interleukins are inhibited by Ustekinumab?,TMC64,-0.2064166602084149,-0.006060606060606061,0.9252715033277356,-0.022222222222222223,0.0,0.3333333333333333,0.4,1,1.0,10
84,Which two interleukins are inhibited by Ustekinumab?,ContextCite100,0.5822814533661573,0.6242424242424242,0.9694305596785481,0.5111111111111111,1.0,0.6666666666666666,0.6,1,1.0,10
84,Which two interleukins are inhibited by Ustekinumab?,KernelShap100,0.8565264567247828,0.7939393939393938,0.9549758997802997,0.6444444444444444,1.0,0.3333333333333333,0.8,1,1.0,10
84,Which two interleukins are inhibited by Ustekinumab?,BetaShap (U)100,-0.1498460938307756,-0.05454545454545454,0.9362696784769763,0.022222222222222223,0.0,0.3333333333333333,0.4,1,1.0,10
84,Which two interleukins are inhibited by Ustekinumab?,TMC100,-0.0012747012523206397,-0.10303030303030303,0.8771388220446115,-0.06666666666666667,0.0,0.3333333333333333,0.4,1,1.0,10
84,Which two interleukins are inhibited by Ustekinumab?,LOO,-0.002088296042961388,0.13939393939393938,0.8434365551137313,0.1111111111111111,0.0,0.3333333333333333,0.6,1,0.3333333333333333,10
85,Which are the main causes of fetal echogenic bowel?,ContextCite32,0.9349049727804275,0.9393939393939393,0.9612688959159412,0.8222222222222221,1.0,0.6666666666666666,0.8,1,1.0,10
85,Which are the main causes of fetal echogenic bowel?,KernelShap32,0.9814786613047048,0.9878787878787878,0.9969104163225531,0.9555555555555554,1.0,1.0,1.0,1,1.0,10
85,Which are the main causes of fetal echogenic bowel?,BetaShap (U)32,0.8967349666232971,0.8787878787878788,0.9201403596943817,0.6888888888888888,0.0,0.6666666666666666,0.8,1,1.0,10
85,Which are the main causes of fetal echogenic bowel?,TMC32,0.9634066091992938,0.9272727272727272,0.9406771052069639,0.7777777777777777,0.0,0.6666666666666666,1.0,1,1.0,10
85,Which are the main causes of fetal echogenic bowel?,ContextCite64,0.9853771494099176,0.9636363636363635,0.9969104163225531,0.8666666666666666,1.0,1.0,0.8,1,1.0,10
85,Which are the main causes of fetal echogenic bowel?,KernelShap64,0.9829860940471165,0.9878787878787878,1.0,0.9555555555555554,1.0,1.0,1.0,1,1.0,10
85,Which are the main causes of fetal echogenic bowel?,BetaShap (U)64,0.8536871298322612,0.8303030303030302,0.9201403596943817,0.6444444444444444,0.0,0.6666666666666666,1.0,1,1.0,10
85,Which are the main causes of fetal echogenic bowel?,TMC64,0.9833724449179756,0.9393939393939393,0.9612688959159412,0.8222222222222221,1.0,0.6666666666666666,1.0,1,1.0,10
85,Which are the main causes of fetal echogenic bowel?,ContextCite100,0.9902477562200119,0.9757575757575757,0.9969104163225531,0.911111111111111,1.0,1.0,1.0,1,1.0,10
85,Which are the main causes of fetal echogenic bowel?,KernelShap100,0.9901184867494919,0.9757575757575757,0.9969104163225531,0.911111111111111,1.0,1.0,1.0,1,1.0,10
85,Which are the main causes of fetal echogenic bowel?,BetaShap (U)100,0.867875169257242,0.8666666666666665,0.8901473702037658,0.7333333333333333,0.0,0.6666666666666666,1.0,1,1.0,10
85,Which are the main causes of fetal echogenic bowel?,TMC100,0.9815194148746027,0.9515151515151514,0.9612688959159412,0.8666666666666666,1.0,0.6666666666666666,1.0,1,1.0,10
85,Which are the main causes of fetal echogenic bowel?,LOO,0.9196520498727784,0.8545454545454544,0.9969104163225531,0.6444444444444444,1.0,1.0,0.8,1,1.0,10
86,What is the prognostic role of thyroid hormone in patients with heart failure?,ContextCite32,0.9418679625628334,0.8545454545454544,1.0,0.7333333333333333,1.0,1.0,0.8,1,1.0,10
86,What is the prognostic role of thyroid hormone in patients with heart failure?,KernelShap32,0.9625484451951253,0.7333333333333332,0.9936904934006162,0.5555555555555555,1.0,0.6666666666666666,0.8,1,1.0,10
86,What is the prognostic role of thyroid hormone in patients with heart failure?,BetaShap (U)32,0.7153135186258024,0.18787878787878787,0.8373668528197442,0.15555555555555553,1.0,0.6666666666666666,0.6,1,1.0,10
86,What is the prognostic role of thyroid hormone in patients with heart failure?,TMC32,0.9531113084474846,0.8060606060606059,1.0,0.6888888888888888,1.0,1.0,0.8,1,1.0,10
86,What is the prognostic role of thyroid hormone in patients with heart failure?,ContextCite64,0.9803108857697236,0.8545454545454544,1.0,0.7333333333333333,1.0,1.0,0.8,1,1.0,10
86,What is the prognostic role of thyroid hormone in patients with heart failure?,KernelShap64,0.9916337192053036,0.9999999999999999,1.0,0.9999999999999999,1.0,1.0,1.0,1,1.0,10
86,What is the prognostic role of thyroid hormone in patients with heart failure?,BetaShap (U)64,0.682287083641863,0.23636363636363633,0.8373668528197442,0.19999999999999998,1.0,0.6666666666666666,0.6,1,1.0,10
86,What is the prognostic role of thyroid hormone in patients with heart failure?,TMC64,0.9603621186237132,0.9878787878787878,1.0,0.9555555555555554,1.0,1.0,1.0,1,1.0,10
86,What is the prognostic role of thyroid hormone in patients with heart failure?,ContextCite100,0.991114672930742,0.9515151515151514,1.0,0.8666666666666666,1.0,1.0,0.8,1,1.0,10
86,What is the prognostic role of thyroid hormone in patients with heart failure?,KernelShap100,0.996157169353284,0.9757575757575757,1.0,0.911111111111111,1.0,1.0,1.0,1,1.0,10
86,What is the prognostic role of thyroid hormone in patients with heart failure?,BetaShap (U)100,0.07487417958668284,0.1515151515151515,0.6282743480327653,0.1111111111111111,0.0,0.6666666666666666,0.6,1,1.0,10
86,What is the prognostic role of thyroid hormone in patients with heart failure?,TMC100,0.987647166422409,0.9757575757575757,1.0,0.911111111111111,1.0,1.0,0.8,1,1.0,10
86,What is the prognostic role of thyroid hormone in patients with heart failure?,LOO,0.9549075115187861,0.8787878787878788,0.9936904934006162,0.7333333333333333,1.0,0.6666666666666666,0.8,1,1.0,10
87,Which molecule is inhibited by encorafenib?,ContextCite32,0.9976173216313783,0.19999999999999998,0.992964792880542,0.19999999999999998,1.0,0.6666666666666666,0.4,1,1.0,10
87,Which molecule is inhibited by encorafenib?,KernelShap32,0.9979435492841007,0.16363636363636364,0.9827797793591512,0.022222222222222223,1.0,0.6666666666666666,0.4,1,1.0,10
87,Which molecule is inhibited by encorafenib?,BetaShap (U)32,0.9060779746425408,0.24848484848484845,0.9869018895523051,0.19999999999999998,1.0,0.3333333333333333,0.6,1,1.0,10
87,Which molecule is inhibited by encorafenib?,TMC32,0.9912463840667912,0.33333333333333326,0.9833569613089693,0.24444444444444444,1.0,0.3333333333333333,0.6,1,1.0,10
87,Which molecule is inhibited by encorafenib?,ContextCite64,0.9989035762429391,0.6121212121212121,0.9941186453631287,0.5111111111111111,1.0,0.6666666666666666,0.6,1,1.0,10
87,Which molecule is inhibited by encorafenib?,KernelShap64,0.9991108926465595,0.5757575757575757,1.0,0.4222222222222222,1.0,1.0,0.6,1,1.0,10
87,Which molecule is inhibited by encorafenib?,BetaShap (U)64,0.8894209017631909,0.309090909090909,0.9869018895523051,0.24444444444444444,1.0,0.3333333333333333,0.6,1,1.0,10
87,Which molecule is inhibited by encorafenib?,TMC64,0.9928129215779578,0.43030303030303024,0.986963668555578,0.3333333333333333,1.0,0.3333333333333333,0.6,1,1.0,10
87,Which molecule is inhibited by encorafenib?,ContextCite100,0.9993529748235105,0.5757575757575757,0.992964792880542,0.4666666666666666,1.0,0.6666666666666666,0.6,1,1.0,10
87,Which molecule is inhibited by encorafenib?,KernelShap100,0.999430819103091,0.709090909090909,0.992964792880542,0.5555555555555555,1.0,0.6666666666666666,0.6,1,1.0,10
87,Which molecule is inhibited by encorafenib?,BetaShap (U)100,0.9469629499777054,0.1515151515151515,0.9797926493087484,0.1111111111111111,1.0,0.3333333333333333,0.6,1,1.0,10
87,Which molecule is inhibited by encorafenib?,TMC100,0.9945716537471901,0.4424242424242424,0.986963668555578,0.28888888888888886,1.0,0.3333333333333333,0.6,1,1.0,10
87,Which molecule is inhibited by encorafenib?,LOO,0.9989554227868412,0.41818181818181815,0.9781349313963001,0.3333333333333333,1.0,0.3333333333333333,0.6,1,1.0,10
88,What is commotio cordis?,ContextCite32,0.8358761383197463,0.6969696969696969,1.0,0.5555555555555555,1.0,1.0,0.8,1,1.0,10
88,What is commotio cordis?,KernelShap32,0.7777293762895783,0.8181818181818182,0.989067663875701,0.6444444444444444,0.0,1.0,0.8,1,1.0,10
88,What is commotio cordis?,BetaShap (U)32,0.6593528560982225,0.6121212121212121,0.6770963818037085,0.4666666666666666,0.0,0.6666666666666666,0.6,1,1.0,10
88,What is commotio cordis?,TMC32,0.9484114225145328,0.8303030303030302,0.989067663875701,0.6888888888888888,0.0,1.0,0.6,1,1.0,10
88,What is commotio cordis?,ContextCite64,0.8863852563466763,0.7696969696969697,1.0,0.6444444444444444,1.0,1.0,0.8,1,1.0,10
88,What is commotio cordis?,KernelShap64,0.9110193191879798,0.9272727272727272,0.9792715706993369,0.7777777777777777,0.0,0.6666666666666666,0.8,1,1.0,10
88,What is commotio cordis?,BetaShap (U)64,0.7416164305957903,0.8909090909090909,0.7614705072980564,0.7333333333333333,0.0,0.6666666666666666,0.8,1,1.0,10
88,What is commotio cordis?,TMC64,0.9754827899492344,0.9515151515151514,0.989067663875701,0.8666666666666666,0.0,1.0,1.0,1,1.0,10
88,What is commotio cordis?,ContextCite100,0.9276182633482652,0.7454545454545454,1.0,0.6,1.0,1.0,0.8,1,1.0,10
88,What is commotio cordis?,KernelShap100,0.9310509253193864,0.8060606060606059,0.9792715706993369,0.6444444444444444,0.0,0.6666666666666666,0.8,1,1.0,10
88,What is commotio cordis?,BetaShap (U)100,0.7301139185788484,0.8787878787878788,0.7589053071669677,0.7333333333333333,0.0,0.6666666666666666,1.0,1,1.0,10
88,What is commotio cordis?,TMC100,0.9705359200119423,0.9757575757575757,0.989067663875701,0.911111111111111,0.0,1.0,1.0,1,1.0,10
88,What is commotio cordis?,LOO,0.3038264127689554,0.3939393939393939,0.5533640555276971,0.24444444444444444,0.0,0.6666666666666666,0.8,1,1.0,10
89,Which gene is involved in CADASIL?,ContextCite32,0.7582444821304059,0.6242424242424242,0.724317087165687,0.4666666666666666,0.0,0.3333333333333333,0.8,1,1.0,10
89,Which gene is involved in CADASIL?,KernelShap32,0.814392969841014,0.6484848484848483,0.7307439121798134,0.5111111111111111,0.0,0.3333333333333333,0.8,1,1.0,10
89,Which gene is involved in CADASIL?,BetaShap (U)32,0.709489754212201,0.8303030303030302,0.9872218854979806,0.6888888888888888,1.0,0.6666666666666666,0.8,1,1.0,10
89,Which gene is involved in CADASIL?,TMC32,0.7947031692360376,0.9151515151515152,0.9872218854979806,0.7777777777777777,1.0,0.6666666666666666,1.0,1,1.0,10
89,Which gene is involved in CADASIL?,ContextCite64,0.8306246102882422,0.8060606060606059,0.854530138898443,0.6444444444444444,0.0,0.6666666666666666,1.0,1,1.0,10
89,Which gene is involved in CADASIL?,KernelShap64,0.928326994710063,0.8424242424242423,0.9301249814359881,0.6888888888888888,0.0,0.6666666666666666,0.8,1,1.0,10
89,Which gene is involved in CADASIL?,BetaShap (U)64,0.7011525934344998,0.6727272727272726,0.8488740711040145,0.5555555555555555,1.0,0.3333333333333333,0.6,1,1.0,10
89,Which gene is involved in CADASIL?,TMC64,0.8153872469165622,0.8545454545454544,0.9790871228367704,0.7333333333333333,1.0,0.6666666666666666,0.8,1,1.0,10
89,Which gene is involved in CADASIL?,ContextCite100,0.8929130961857391,0.8181818181818182,0.9046518233557607,0.6444444444444444,0.0,0.6666666666666666,1.0,1,1.0,10
89,Which gene is involved in CADASIL?,KernelShap100,0.9515317269962738,0.9515151515151514,1.0,0.8666666666666666,1.0,1.0,1.0,1,1.0,10
89,Which gene is involved in CADASIL?,BetaShap (U)100,0.7709576871850867,0.7696969696969697,0.8807498653806893,0.5111111111111111,0.0,0.6666666666666666,0.8,1,1.0,10
89,Which gene is involved in CADASIL?,TMC100,0.895840894264637,0.8909090909090909,0.9790871228367704,0.7333333333333333,1.0,0.6666666666666666,0.8,1,1.0,10
89,Which gene is involved in CADASIL?,LOO,0.6500441707509776,0.5878787878787878,0.8697869482672441,0.4666666666666666,1.0,0.6666666666666666,0.6,1,1.0,10
90,Is dupilumab effective for treatment of asthma?,ContextCite32,0.9556498762510445,0.6848484848484848,0.998626940699454,0.5111111111111111,1.0,0.6666666666666666,0.8,1,1.0,10
90,Is dupilumab effective for treatment of asthma?,KernelShap32,0.9687540659067976,0.7575757575757575,0.9868729185301641,0.6,1.0,0.6666666666666666,0.8,1,1.0,10
90,Is dupilumab effective for treatment of asthma?,BetaShap (U)32,0.7995190492096507,0.22424242424242422,0.9759827269703415,0.15555555555555553,1.0,0.6666666666666666,0.4,1,1.0,10
90,Is dupilumab effective for treatment of asthma?,TMC32,0.92411244957458,0.6606060606060605,0.9759827269703415,0.4666666666666666,1.0,0.6666666666666666,0.8,1,1.0,10
90,Is dupilumab effective for treatment of asthma?,ContextCite64,0.9785839603894904,0.7818181818181817,0.998626940699454,0.6,1.0,0.6666666666666666,1.0,1,1.0,10
90,Is dupilumab effective for treatment of asthma?,KernelShap64,0.9879967295843278,0.8303030303030302,0.9868729185301641,0.6888888888888888,1.0,0.6666666666666666,1.0,1,1.0,10
90,Is dupilumab effective for treatment of asthma?,BetaShap (U)64,0.9046823278553462,0.406060606060606,1.0000000000000002,0.24444444444444444,1.0,1.0,0.6,1,1.0,10
90,Is dupilumab effective for treatment of asthma?,TMC64,0.9758334206155492,0.7333333333333332,1.0000000000000002,0.6,1.0,1.0,0.8,1,1.0,10
90,Is dupilumab effective for treatment of asthma?,ContextCite100,0.9897744142640039,0.8060606060606059,0.998626940699454,0.6444444444444444,1.0,0.6666666666666666,1.0,1,1.0,10
90,Is dupilumab effective for treatment of asthma?,KernelShap100,0.9954885567745011,0.8303030303030302,0.9868729185301641,0.6888888888888888,1.0,0.6666666666666666,1.0,1,1.0,10
90,Is dupilumab effective for treatment of asthma?,BetaShap (U)100,0.9260155753427477,0.5515151515151515,0.8344551497428933,0.4222222222222222,1.0,0.6666666666666666,0.6,1,1.0,10
90,Is dupilumab effective for treatment of asthma?,TMC100,0.9832095800011569,0.8545454545454544,0.9868729185301641,0.6888888888888888,1.0,0.6666666666666666,1.0,1,1.0,10
90,Is dupilumab effective for treatment of asthma?,LOO,0.9836062779711546,0.6484848484848483,0.998626940699454,0.5555555555555555,1.0,0.6666666666666666,0.6,1,1.0,10
91,Is there a mouse model for Fanconi anemia?,ContextCite32,0.9995900066701531,0.8303030303030302,1.0,0.6888888888888888,1.0,1.0,0.8,1,1.0,10
91,Is there a mouse model for Fanconi anemia?,KernelShap32,0.9971358079448578,0.6363636363636362,0.9843571128707157,0.4666666666666666,1.0,0.6666666666666666,0.8,1,1.0,10
91,Is there a mouse model for Fanconi anemia?,BetaShap (U)32,0.9780107249792552,0.3696969696969697,0.9626581299637763,0.28888888888888886,1.0,0.6666666666666666,0.6,1,1.0,10
91,Is there a mouse model for Fanconi anemia?,TMC32,0.9941383582794117,0.309090909090909,0.9626581299637763,0.19999999999999998,1.0,0.6666666666666666,0.6,1,1.0,10
91,Is there a mouse model for Fanconi anemia?,ContextCite64,0.9985380888741667,0.8545454545454544,1.0,0.7333333333333333,1.0,1.0,0.8,1,1.0,10
91,Is there a mouse model for Fanconi anemia?,KernelShap64,0.9957106513740795,0.6727272727272726,0.9843571128707157,0.4666666666666666,1.0,0.6666666666666666,0.8,1,1.0,10
91,Is there a mouse model for Fanconi anemia?,BetaShap (U)64,0.9742136100333436,0.5030303030303029,0.9671698642367874,0.37777777777777777,1.0,0.6666666666666666,0.6,1,1.0,10
91,Is there a mouse model for Fanconi anemia?,TMC64,0.9989349644812977,0.6606060606060605,0.996762596093896,0.4666666666666666,1.0,1.0,0.6,1,1.0,10
91,Is there a mouse model for Fanconi anemia?,ContextCite100,0.9987877079085943,0.8787878787878788,1.0,0.7777777777777777,1.0,1.0,0.8,1,1.0,10
91,Is there a mouse model for Fanconi anemia?,KernelShap100,0.9975175385545133,0.709090909090909,0.9901688871439669,0.5555555555555555,1.0,0.6666666666666666,0.8,1,1.0,10
91,Is there a mouse model for Fanconi anemia?,BetaShap (U)100,0.9746269290142655,0.43030303030303024,0.9689081497453477,0.3333333333333333,1.0,0.6666666666666666,0.6,1,1.0,10
91,Is there a mouse model for Fanconi anemia?,TMC100,0.9981101215589778,0.6606060606060605,0.996762596093896,0.4666666666666666,1.0,1.0,0.6,1,1.0,10
91,Is there a mouse model for Fanconi anemia?,LOO,0.9975518645336462,0.17575757575757575,0.9795876089436077,0.1111111111111111,1.0,0.6666666666666666,0.4,1,1.0,10
92,What is the general function of H3K79 methylation?,ContextCite32,0.9949502836075497,0.7333333333333332,1.0,0.6,1.0,1.0,0.8,1,1.0,10
92,What is the general function of H3K79 methylation?,KernelShap32,0.9914449347454573,0.41818181818181815,0.972438293115956,0.3333333333333333,1.0,0.6666666666666666,0.4,1,1.0,10
92,What is the general function of H3K79 methylation?,BetaShap (U)32,0.9597027852385831,0.7333333333333332,0.9912100949260505,0.5555555555555555,1.0,0.6666666666666666,0.8,1,1.0,10
92,What is the general function of H3K79 methylation?,TMC32,0.9964899937327347,0.7454545454545454,0.9912100949260505,0.6,1.0,0.6666666666666666,0.8,1,1.0,10
92,What is the general function of H3K79 methylation?,ContextCite64,0.9975706510697708,0.5878787878787878,1.0,0.37777777777777777,1.0,1.0,0.6,1,1.0,10
92,What is the general function of H3K79 methylation?,KernelShap64,0.9988229256974619,0.8909090909090909,1.0,0.7777777777777777,1.0,1.0,0.8,1,1.0,10
92,What is the general function of H3K79 methylation?,BetaShap (U)64,0.9680414630779002,0.5757575757575757,0.9912100949260505,0.3333333333333333,1.0,0.6666666666666666,0.8,1,1.0,10
92,What is the general function of H3K79 methylation?,TMC64,0.9964275629022952,0.6363636363636362,0.9912100949260505,0.4222222222222222,1.0,0.6666666666666666,0.8,1,1.0,10
92,What is the general function of H3K79 methylation?,ContextCite100,0.9978547523243528,0.6242424242424242,1.0,0.4666666666666666,1.0,1.0,0.6,1,1.0,10
92,What is the general function of H3K79 methylation?,KernelShap100,0.9995502849298145,0.8666666666666665,1.0,0.7777777777777777,1.0,1.0,0.8,1,1.0,10
92,What is the general function of H3K79 methylation?,BetaShap (U)100,0.9740092597071035,0.7939393939393938,0.9809830557592539,0.6,1.0,0.6666666666666666,1.0,1,1.0,10
92,What is the general function of H3K79 methylation?,TMC100,0.9985486995468518,0.7454545454545454,1.0,0.6444444444444444,1.0,1.0,0.8,1,1.0,10
92,What is the general function of H3K79 methylation?,LOO,0.995477804142029,0.5757575757575757,0.9912100949260505,0.3333333333333333,1.0,0.6666666666666666,0.8,1,1.0,10
93,Which transcription factors are involved in E-cadherin repression during EMT?,ContextCite32,0.9933414924060194,0.8424242424242423,0.9719618831491081,0.6444444444444444,1.0,0.3333333333333333,1.0,1,1.0,10
93,Which transcription factors are involved in E-cadherin repression during EMT?,KernelShap32,0.9915581802591388,0.8909090909090909,0.9972953534109427,0.6888888888888888,1.0,1.0,0.8,1,1.0,10
93,Which transcription factors are involved in E-cadherin repression during EMT?,BetaShap (U)32,0.9241516220949049,0.6848484848484848,0.9934796008145603,0.6,1.0,0.6666666666666666,0.8,1,1.0,10
93,Which transcription factors are involved in E-cadherin repression during EMT?,TMC32,0.9801463755207077,0.9515151515151514,0.9969760876113525,0.8666666666666666,1.0,0.6666666666666666,1.0,1,1.0,10
93,Which transcription factors are involved in E-cadherin repression during EMT?,ContextCite64,0.995523049043161,0.8545454545454544,0.9719618831491081,0.6888888888888888,1.0,0.3333333333333333,1.0,1,1.0,10
93,Which transcription factors are involved in E-cadherin repression during EMT?,KernelShap64,0.9982885858291308,0.9151515151515152,0.9972953534109427,0.7777777777777777,1.0,1.0,0.8,1,1.0,10
93,Which transcription factors are involved in E-cadherin repression during EMT?,BetaShap (U)64,0.9228782089879825,0.5636363636363636,0.9645951942429735,0.5111111111111111,1.0,0.3333333333333333,0.8,1,1.0,10
93,Which transcription factors are involved in E-cadherin repression during EMT?,TMC64,0.9942998123505915,0.9515151515151514,0.9888108994566345,0.8666666666666666,1.0,0.6666666666666666,1.0,1,1.0,10
93,Which transcription factors are involved in E-cadherin repression during EMT?,ContextCite100,0.9971490988888838,0.8424242424242423,0.9698237510031846,0.6444444444444444,1.0,0.3333333333333333,1.0,1,1.0,10
93,Which transcription factors are involved in E-cadherin repression during EMT?,KernelShap100,0.9978793651173885,0.9151515151515152,0.9972953534109427,0.7777777777777777,1.0,1.0,0.8,1,1.0,10
93,Which transcription factors are involved in E-cadherin repression during EMT?,BetaShap (U)100,0.943543972272324,0.6484848484848483,0.9645951942429735,0.5555555555555555,1.0,0.3333333333333333,0.8,1,1.0,10
93,Which transcription factors are involved in E-cadherin repression during EMT?,TMC100,0.9979277899662045,0.9515151515151514,0.9888108994566345,0.8666666666666666,1.0,0.6666666666666666,1.0,1,1.0,10
93,Which transcription factors are involved in E-cadherin repression during EMT?,LOO,0.9907995743232358,0.9151515151515152,1.0,0.8222222222222221,1.0,1.0,1.0,1,1.0,10
94,Which gene has been implicated in Majeed Syndrome?,ContextCite32,0.6493901190930031,0.6,0.5373990570190059,0.5111111111111111,0.0,0.3333333333333333,0.6,1,1.0,10
94,Which gene has been implicated in Majeed Syndrome?,KernelShap32,0.7904610245032782,0.7454545454545454,0.8146975055144705,0.6,0.0,0.6666666666666666,0.8,1,1.0,10
94,Which gene has been implicated in Majeed Syndrome?,BetaShap (U)32,0.601927187842117,0.34545454545454546,0.727472442017416,0.28888888888888886,1.0,0.3333333333333333,0.4,1,1.0,10
94,Which gene has been implicated in Majeed Syndrome?,TMC32,0.673682441244451,0.6969696969696969,0.9472169143929129,0.5555555555555555,1.0,0.6666666666666666,0.6,1,1.0,10
94,Which gene has been implicated in Majeed Syndrome?,ContextCite64,0.7800406432123522,0.7939393939393938,0.9375481235831172,0.6,0.0,1.0,0.8,1,1.0,10
94,Which gene has been implicated in Majeed Syndrome?,KernelShap64,0.8880963787212924,0.9030303030303028,0.9894439778645598,0.7777777777777777,1.0,1.0,0.8,1,1.0,10
94,Which gene has been implicated in Majeed Syndrome?,BetaShap (U)64,0.8141947997670136,0.9151515151515152,0.9069051370944129,0.7777777777777777,1.0,0.6666666666666666,1.0,1,1.0,10
94,Which gene has been implicated in Majeed Syndrome?,TMC64,0.7884444800374941,0.9151515151515152,0.9665358439409337,0.8222222222222221,1.0,0.6666666666666666,1.0,1,1.0,10
94,Which gene has been implicated in Majeed Syndrome?,ContextCite100,0.8747269105361348,0.8424242424242423,0.9616935685434564,0.6888888888888888,0.0,1.0,0.8,1,1.0,10
94,Which gene has been implicated in Majeed Syndrome?,KernelShap100,0.9547986656924684,0.8909090909090909,1.0000000000000002,0.7777777777777777,1.0,1.0,1.0,1,1.0,10
94,Which gene has been implicated in Majeed Syndrome?,BetaShap (U)100,0.7579572733352409,0.7696969696969697,0.7381004025865422,0.5111111111111111,0.0,0.6666666666666666,0.8,1,1.0,10
94,Which gene has been implicated in Majeed Syndrome?,TMC100,0.8841367870796601,0.8787878787878788,0.9665358439409337,0.7333333333333333,1.0,0.6666666666666666,0.8,1,1.0,10
94,Which gene has been implicated in Majeed Syndrome?,LOO,0.5347659359023288,0.33333333333333326,0.769699505489063,0.24444444444444444,1.0,0.6666666666666666,0.4,1,1.0,10
95,What is targeted by Palbociclib?,ContextCite32,0.9768191341484851,0.7696969696969697,1.0000000000000002,0.6444444444444444,1.0,1.0,0.6,1,1.0,10
95,What is targeted by Palbociclib?,KernelShap32,0.9349421167598048,0.8060606060606059,1.0000000000000002,0.6888888888888888,1.0,1.0,0.6,1,1.0,10
95,What is targeted by Palbociclib?,BetaShap (U)32,0.8444002045786053,0.5515151515151515,0.9022142539377246,0.4222222222222222,1.0,0.6666666666666666,0.6,1,1.0,10
95,What is targeted by Palbociclib?,TMC32,0.831352212127123,0.4545454545454545,0.894658388899088,0.37777777777777777,1.0,0.6666666666666666,0.6,1,1.0,10
95,What is targeted by Palbociclib?,ContextCite64,0.9453377672335301,0.6484848484848483,0.9803098762096943,0.4666666666666666,1.0,1.0,0.6,1,1.0,10
95,What is targeted by Palbociclib?,KernelShap64,0.9435635553478671,0.8424242424242423,1.0000000000000002,0.6888888888888888,1.0,1.0,0.8,1,1.0,10
95,What is targeted by Palbociclib?,BetaShap (U)64,0.9057218225073984,0.9272727272727272,0.9803098762096943,0.7777777777777777,1.0,1.0,0.8,1,1.0,10
95,What is targeted by Palbociclib?,TMC64,0.9344747167400504,0.8666666666666665,1.0000000000000002,0.7333333333333333,1.0,1.0,0.8,1,1.0,10
95,What is targeted by Palbociclib?,ContextCite100,0.9730122599773872,0.8303030303030302,1.0000000000000002,0.7333333333333333,1.0,1.0,0.8,1,1.0,10
95,What is targeted by Palbociclib?,KernelShap100,0.9741463614007891,0.8545454545454544,1.0000000000000002,0.7333333333333333,1.0,1.0,0.8,1,1.0,10
95,What is targeted by Palbociclib?,BetaShap (U)100,0.9271856516412671,0.8666666666666665,0.9803098762096943,0.7777777777777777,1.0,1.0,0.8,1,1.0,10
95,What is targeted by Palbociclib?,TMC100,0.9767352119326523,0.9757575757575757,1.0000000000000002,0.911111111111111,1.0,1.0,1.0,1,1.0,10
95,What is targeted by Palbociclib?,LOO,0.7931747876896071,0.406060606060606,0.8801767803444751,0.3333333333333333,1.0,0.6666666666666666,0.6,1,1.0,10
96,What protein is encoded by the GRN gene?,ContextCite32,0.9097578562577608,0.9757575757575757,0.986429291705977,0.911111111111111,1.0,1.0,1.0,1,1.0,10
96,What protein is encoded by the GRN gene?,KernelShap32,0.8996274576258156,0.8666666666666665,0.9600731127194561,0.6888888888888888,1.0,0.6666666666666666,0.8,1,1.0,10
96,What protein is encoded by the GRN gene?,BetaShap (U)32,0.8406985510323781,0.8303030303030302,0.9600731127194561,0.6888888888888888,1.0,0.6666666666666666,0.8,1,1.0,10
96,What protein is encoded by the GRN gene?,TMC32,0.7212575918260293,0.6363636363636362,0.5948018021031686,0.5111111111111111,0.0,0.3333333333333333,0.6,1,1.0,10
96,What protein is encoded by the GRN gene?,ContextCite64,0.8791207131688517,0.9151515151515152,1.0,0.7777777777777777,1.0,1.0,0.8,1,1.0,10
96,What protein is encoded by the GRN gene?,KernelShap64,0.870443184720249,0.8303030303030302,0.9600731127194561,0.6,1.0,0.6666666666666666,0.8,1,1.0,10
96,What protein is encoded by the GRN gene?,BetaShap (U)64,0.8424410939547002,0.9272727272727272,0.9836723403828086,0.8222222222222221,1.0,0.6666666666666666,0.8,1,1.0,10
96,What protein is encoded by the GRN gene?,TMC64,0.7848154470236617,0.7696969696969697,0.8127029715952342,0.6,0.0,0.6666666666666666,0.6,1,1.0,10
96,What protein is encoded by the GRN gene?,ContextCite100,0.8518030852868337,0.9030303030303028,1.0,0.7333333333333333,1.0,1.0,0.8,1,1.0,10
96,What protein is encoded by the GRN gene?,KernelShap100,0.918375479673436,0.9151515151515152,1.0,0.7777777777777777,1.0,1.0,0.8,1,1.0,10
96,What protein is encoded by the GRN gene?,BetaShap (U)100,0.9224815089799921,0.8303030303030302,0.8808550176633497,0.6888888888888888,0.0,0.6666666666666666,0.8,1,1.0,10
96,What protein is encoded by the GRN gene?,TMC100,0.9221815481755682,0.8181818181818182,0.8960745457296798,0.7333333333333333,1.0,0.3333333333333333,0.8,1,1.0,10
96,What protein is encoded by the GRN gene?,LOO,0.7962700925858217,0.8060606060606059,0.9600731127194561,0.6888888888888888,1.0,0.6666666666666666,0.6,1,1.0,10
97,Which growth factors are known to be involved in the induction of EMT?,ContextCite32,0.9978101520049932,0.8424242424242423,1.0,0.7333333333333333,1.0,1.0,0.8,1,1.0,10
97,Which growth factors are known to be involved in the induction of EMT?,KernelShap32,0.9964781852466685,0.8424242424242423,0.9988072710086005,0.6888888888888888,1.0,1.0,0.8,1,1.0,10
97,Which growth factors are known to be involved in the induction of EMT?,BetaShap (U)32,0.9911842340242715,0.49090909090909085,0.9629655406259331,0.37777777777777777,1.0,0.6666666666666666,0.6,1,1.0,10
97,Which growth factors are known to be involved in the induction of EMT?,TMC32,0.9920494613528279,0.35757575757575755,0.9629655406259331,0.24444444444444444,1.0,0.6666666666666666,0.6,1,1.0,10
97,Which growth factors are known to be involved in the induction of EMT?,ContextCite64,0.9978274266090988,0.8060606060606059,1.0,0.6888888888888888,1.0,1.0,0.8,1,1.0,10
97,Which growth factors are known to be involved in the induction of EMT?,KernelShap64,0.9981976328414286,0.8060606060606059,0.9988072710086005,0.6444444444444444,1.0,1.0,0.8,1,1.0,10
97,Which growth factors are known to be involved in the induction of EMT?,BetaShap (U)64,0.9946380926427865,0.9393939393939393,1.0,0.8666666666666666,1.0,1.0,0.8,1,1.0,10
97,Which growth factors are known to be involved in the induction of EMT?,TMC64,0.9983664504063229,0.8303030303030302,1.0,0.6888888888888888,1.0,1.0,0.8,1,1.0,10
97,Which growth factors are known to be involved in the induction of EMT?,ContextCite100,0.9985775208331924,0.8181818181818182,1.0,0.7333333333333333,1.0,1.0,0.8,1,1.0,10
97,Which growth factors are known to be involved in the induction of EMT?,KernelShap100,0.9985116485437239,0.7212121212121211,0.9988072710086005,0.5555555555555555,1.0,1.0,0.8,1,1.0,10
97,Which growth factors are known to be involved in the induction of EMT?,BetaShap (U)100,0.9887900529274769,0.7454545454545454,1.0,0.6,1.0,1.0,0.8,1,1.0,10
97,Which growth factors are known to be involved in the induction of EMT?,TMC100,0.9992977326872048,0.9151515151515152,1.0,0.8222222222222221,1.0,1.0,0.8,1,1.0,10
97,Which growth factors are known to be involved in the induction of EMT?,LOO,0.9954535284064623,0.6848484848484848,0.9988072710086005,0.5111111111111111,1.0,1.0,0.8,1,1.0,10
98,Can ATAC-Seq be employed in single-cell mode?,ContextCite32,0.9957101973831166,0.6484848484848483,0.9976810533194297,0.5111111111111111,1.0,0.6666666666666666,0.6,1,1.0,10
98,Can ATAC-Seq be employed in single-cell mode?,KernelShap32,0.9942491269317322,0.5757575757575757,0.9935207048165826,0.4222222222222222,1.0,0.6666666666666666,0.6,1,1.0,10
98,Can ATAC-Seq be employed in single-cell mode?,BetaShap (U)32,0.98669962862127,0.6848484848484848,0.9721015067484019,0.4666666666666666,1.0,0.3333333333333333,0.8,1,1.0,10
98,Can ATAC-Seq be employed in single-cell mode?,TMC32,0.9936595020411706,0.7939393939393938,0.9964182620167776,0.6888888888888888,1.0,0.6666666666666666,0.8,1,1.0,10
98,Can ATAC-Seq be employed in single-cell mode?,ContextCite64,0.9979404926555534,0.8787878787878788,1.0000000000000002,0.8222222222222221,1.0,1.0,0.8,1,1.0,10
98,Can ATAC-Seq be employed in single-cell mode?,KernelShap64,0.9986354995979644,0.8666666666666665,0.9964182620167776,0.7333333333333333,1.0,0.6666666666666666,0.8,1,1.0,10
98,Can ATAC-Seq be employed in single-cell mode?,BetaShap (U)64,0.9909230284387589,0.6727272727272726,0.9677943188740946,0.5555555555555555,1.0,0.3333333333333333,0.8,1,1.0,10
98,Can ATAC-Seq be employed in single-cell mode?,TMC64,0.9982228269550407,0.8303030303030302,0.9976810533194297,0.6888888888888888,1.0,0.6666666666666666,0.8,1,1.0,10
98,Can ATAC-Seq be employed in single-cell mode?,ContextCite100,0.9987825845724271,0.8787878787878788,0.9976810533194297,0.7333333333333333,1.0,0.6666666666666666,1.0,1,1.0,10
98,Can ATAC-Seq be employed in single-cell mode?,KernelShap100,0.9990138940096894,0.8787878787878788,0.9964182620167776,0.7333333333333333,1.0,0.6666666666666666,0.8,1,1.0,10
98,Can ATAC-Seq be employed in single-cell mode?,BetaShap (U)100,0.9377444331101666,0.6,0.9707205037895298,0.4666666666666666,1.0,0.6666666666666666,0.6,1,1.0,10
98,Can ATAC-Seq be employed in single-cell mode?,TMC100,0.996291540843422,0.8666666666666665,0.9976810533194297,0.7333333333333333,1.0,0.6666666666666666,0.8,1,1.0,10
98,Can ATAC-Seq be employed in single-cell mode?,LOO,0.9919910843349038,0.5393939393939393,0.9804486155940307,0.37777777777777777,1.0,0.6666666666666666,0.6,1,1.0,10
99,What is Neisseria adhesin A?,ContextCite32,0.9835478935367907,0.9757575757575757,0.9993009381974444,0.911111111111111,1.0,0.6666666666666666,1.0,1,1.0,10
99,What is Neisseria adhesin A?,KernelShap32,0.9957322641721605,0.8060606060606059,0.9803333168214099,0.6888888888888888,1.0,0.3333333333333333,0.8,1,1.0,10
99,What is Neisseria adhesin A?,BetaShap (U)32,0.9587657480117123,0.8303030303030302,0.9751908253145875,0.6888888888888888,1.0,0.3333333333333333,0.8,1,1.0,10
99,What is Neisseria adhesin A?,TMC32,0.9916457037596097,0.8303030303030302,0.9751908253145875,0.6888888888888888,1.0,0.3333333333333333,0.8,1,1.0,10
99,What is Neisseria adhesin A?,ContextCite64,0.9921203956534329,0.8303030303030302,0.991722575505047,0.6888888888888888,1.0,0.6666666666666666,1.0,1,1.0,10
99,What is Neisseria adhesin A?,KernelShap64,0.9993002460818117,0.9030303030303028,0.9993009381974444,0.7777777777777777,1.0,0.6666666666666666,0.8,1,1.0,10
99,What is Neisseria adhesin A?,BetaShap (U)64,0.9484884389757053,0.8545454545454544,0.9915395195259675,0.7333333333333333,1.0,0.6666666666666666,0.8,1,1.0,10
99,What is Neisseria adhesin A?,TMC64,0.9978700449313562,0.9151515151515152,0.9915395195259675,0.7777777777777777,1.0,0.6666666666666666,0.8,1,1.0,10
99,What is Neisseria adhesin A?,ContextCite100,0.9945915887865446,0.9151515151515152,0.991722575505047,0.7777777777777777,1.0,0.6666666666666666,1.0,1,1.0,10
99,What is Neisseria adhesin A?,KernelShap100,0.9990510645244934,0.9151515151515152,0.9993009381974444,0.8222222222222221,1.0,0.6666666666666666,0.8,1,1.0,10
99,What is Neisseria adhesin A?,BetaShap (U)100,0.9414026331016584,0.7696969696969697,0.9915395195259675,0.6444444444444444,1.0,0.6666666666666666,0.6,1,1.0,10
99,What is Neisseria adhesin A?,TMC100,0.9981513869498438,0.9030303030303028,0.991722575505047,0.8222222222222221,1.0,0.6666666666666666,0.8,1,1.0,10
99,What is Neisseria adhesin A?,LOO,0.9719927885142267,0.3696969696969697,0.9328139615347625,0.37777777777777777,1.0,0.3333333333333333,0.6,1,1.0,10
